1.1000000000000001e+00
1.1000000000000001e+00
1.1000000000000001e+00
1.1000000000000001e+00
1.1000000000000001e+00
1.1000000000000001e+00
1.1000000000000001e+00
1.1000000000000001e+00
1.1000000000000001e+00
1.1405155714571500e+00
1.1000000000000001e+00
1.1183907233448851e+00
1.1000000000000001e+00
1.1000000000000001e+00
1.1000000000000001e+00
1.1190625901139435e+00
1.1000000000000001e+00
1.1000000000000001e+00
1.1000000000000001e+00
1.1000000000000001e+00
1.1000000000000001e+00
1.1106771340773320e+00
1.1000000000000001e+00
1.1000000000000001e+00
1.1000000000000001e+00
1.1000000000000001e+00
1.1900753287705497e+00
1.1204077118937181e+00
1.1000000000000001e+00
1.1166739392634988e+00
1.1000000000000001e+00
1.1712145096835331e+00
1.1000000000000001e+00
1.1913181322442694e+00
1.1352732750195058e+00
1.1000000000000001e+00
1.1000000000000001e+00
1.1000000000000001e+00
1.1000000000000001e+00
1.1000000000000001e+00
1.1181597752817247e+00
1.1000000000000001e+00
1.1000000000000001e+00
1.1000000000000001e+00
1.1866722807967045e+00
1.1000000000000001e+00
1.1871134084567752e+00
1.1000000000000001e+00
1.1000000000000001e+00
1.1000000000000001e+00
1.1000000000000001e+00
1.1000000000000001e+00
1.1000000000000001e+00
1.1000000000000001e+00
1.1000000000000001e+00
1.1000000000000001e+00
1.1000000000000001e+00
1.1000000000000001e+00
1.1190868187221379e+00
1.1000000000000001e+00
1.1000000000000001e+00
1.1000000000000001e+00
1.1000000000000001e+00
1.1000000000000001e+00
1.1195131614615272e+00
1.1000000000000001e+00
1.1037494119551772e+00
1.1003383450486763e+00
1.1008294964771836e+00
1.1009208560687198e+00
1.1018367890405973e+00
1.1011064623694362e+00
1.1137844943982802e+00
1.1036261356337336e+00
1.1025316377496872e+00
1.1026000923010044e+00
1.1027772660507280e+00
1.1091511000323866e+00
1.1040797582729491e+00
1.1099597553474605e+00
1.1049336126693663e+00
1.1045946978911523e+00
1.1144502721441956e+00
1.1001812041883174e+00
1.1165501830107316e+00
1.1174924074573644e+00
1.1000000000000001e+00
1.1196565691572744e+00
1.1080633163617477e+00
1.1221672531888804e+00
1.1000000000000001e+00
1.1213792182762463e+00
1.1088482463288492e+00
1.1203283469894236e+00
1.1015869649779255e+00
1.1046081113613762e+00
1.1267153120793889e+00
1.1246630581965149e+00
1.1306689539697095e+00
1.1281618848411639e+00
1.1317446776799798e+00
1.1284772518193857e+00
1.1293439276245882e+00
1.1335418833091164e+00
1.1184676572688159e+00
1.1356978719964035e+00
1.1359191033988187e+00
1.1282942361663126e+00
1.1266394097478982e+00
1.1373202543766803e+00
1.1168906602580395e+00
1.1364765486712327e+00
1.1371754734298438e+00
1.1303692971738628e+00
1.1321331662710308e+00
1.1256594296982108e+00
1.1117943165407971e+00
1.1319846832163578e+00
1.1139790455397083e+00
1.1034323407957725e+00
1.1365905620953265e+00
1.1451673759547594e+00
1.1125729019772310e+00
1.1357189951050868e+00
1.1075061594682845e+00
1.1347309505488048e+00
1.1531922892979307e+00
1.1079582301801281e+00
1.1091459252041544e+00
1.1190162975234326e+00
1.1443367427894333e+00
1.1000000000000001e+00
1.1515575184851432e+00
1.1147680865673220e+00
1.1544858251704897e+00
1.1395808927334270e+00
1.1562460842514548e+00
1.1265902135535710e+00
1.1455483332587113e+00
1.1251525837201226e+00
1.1540720162256910e+00
1.1684905037888211e+00
1.1407128445942649e+00
1.1666421490892023e+00
1.1018994139686262e+00
1.1000000000000001e+00
1.1402631948629105e+00
1.1778050143815597e+00
1.1650001632818552e+00
1.1402191547280565e+00
1.1619052207712328e+00
1.1283160979787692e+00
1.1800777708126577e+00
1.1820149625835279e+00
1.1610158084879105e+00
1.1744179443557152e+00
1.1711428573605862e+00
1.1222900334355461e+00
1.1657401123189102e+00
1.1891582890237407e+00
1.1866597696120160e+00
1.1651107417340358e+00
1.1789502544067785e+00
1.1961663031486065e+00
1.1547180888863817e+00
1.1851852284886850e+00
1.1882912391230365e+00
1.1585838014241063e+00
1.1941182995429105e+00
1.1923223401744567e+00
1.1564888906929029e+00
1.1947401384153256e+00
1.1166273003921416e+00
1.1018871362357840e+00
1.1372546288284546e+00
1.1949732739939296e+00
1.1000000000000001e+00
1.1114876855532361e+00
1.2081528502883643e+00
1.1556705252926014e+00
1.2046523576245345e+00
1.1992777612386054e+00
1.1000000000000001e+00
1.1771006485054520e+00
1.2047539433138026e+00
1.1989206176192104e+00
1.1752437593814316e+00
1.1698765525541697e+00
1.1989696697352334e+00
1.2127673858543635e+00
1.2207481521538746e+00
1.2041706939964789e+00
1.1931697993807870e+00
1.2258697688757816e+00
1.1396574917143880e+00
1.2279757396380020e+00
1.1312664142596702e+00
1.1981708150126564e+00
1.1246494894260197e+00
1.2033364906437247e+00
1.2090030135551380e+00
1.1617725607331466e+00
1.2373223411750944e+00
1.1803941855746189e+00
1.1268926779592099e+00
1.2426188124593534e+00
1.2118364679726619e+00
1.2385800335202135e+00
1.1807399314955123e+00
1.1543026492810795e+00
1.1863941317644680e+00
1.1000000000000001e+00
1.2192423090206157e+00
1.2351616549364288e+00
1.1297317968316440e+00
1.1438055114383758e+00
1.1983457431539939e+00
1.2280112077226633e+00
1.2526219397584881e+00
1.2506674004575391e+00
1.2559333490843152e+00
1.2169902951404494e+00
1.2434823106026927e+00
1.2544026806690391e+00
1.2458506341244484e+00
1.2642001607134594e+00
1.2308985019596017e+00
1.1248393083691530e+00
1.2592108113722293e+00
1.2486634741252471e+00
1.2464613908044273e+00
1.2623684853792283e+00
1.1679533649494263e+00
1.2543905194939164e+00
1.2541746946552907e+00
1.2641874988803306e+00
1.2038728405219761e+00
1.2699223559303696e+00
1.2635148301857353e+00
1.1790827136630508e+00
1.1229007479300095e+00
1.1740992232930558e+00
1.2353696804549104e+00
1.1967847768977107e+00
1.2727820333153717e+00
1.1053047884799194e+00
1.1105113744491377e+00
1.1424902705286399e+00
1.2679934267939026e+00
1.1000000000000001e+00
1.1646971170833731e+00
1.2787657931658296e+00
1.1269201907735009e+00
1.2512901757685195e+00
1.2527796407512024e+00
1.1131887146826422e+00
1.1973097377772379e+00
1.2174385944338977e+00
1.2025402256437066e+00
1.1998052774897681e+00
1.2880571929958546e+00
1.2224740504397915e+00
1.2543437227975565e+00
1.2819377263824385e+00
1.1525310902095018e+00
1.1048042032251439e+00
1.2700439405928141e+00
1.1290480530529821e+00
1.2053495092364137e+00
1.1780714773012029e+00
1.2079089603281621e+00
1.2629779241715999e+00
1.2015813115799940e+00
1.2284029157667449e+00
1.2971025921012536e+00
1.1072259253733732e+00
1.1608122848540701e+00
1.2119983801342369e+00
1.2159329894167348e+00
1.2633657234512765e+00
1.1446453137933232e+00
1.2453486340719548e+00
1.1733025707279154e+00
1.2056092398773530e+00
1.2808763230695146e+00
1.2838963083428623e+00
1.2297668416066085e+00
1.2544877528687004e+00
1.2636783253716619e+00
1.1745178309788449e+00
1.2025190713406158e+00
1.3107795585916782e+00
1.2323359327270889e+00
1.1025868550672804e+00
1.1206572389740475e+00
1.3090954184143622e+00
1.1980978312450510e+00
1.3155611477576679e+00
1.2788333590742482e+00
1.2379922423533483e+00
1.2242692659590344e+00
1.2777439276248745e+00
1.2338037252516538e+00
1.1000000000000001e+00
1.2223028764686279e+00
1.1909172106818375e+00
1.2419059230013778e+00
1.2751371442057218e+00
1.3168348378934636e+00
1.2887142427282441e+00
1.2504877421015226e+00
1.2351041892895596e+00
1.2627125679600386e+00
1.2634387861046166e+00
1.1688903591713946e+00
1.1949618786837597e+00
1.2805317631961384e+00
1.3040469690097671e+00
1.3244671665488548e+00
1.1804480004884288e+00
1.1286077863878383e+00
1.3264646415332288e+00
1.3115886316433261e+00
1.2258587756293124e+00
1.3286473939847747e+00
1.3359924667043699e+00
1.3178965045253508e+00
1.1084908077788409e+00
1.3255286671152500e+00
1.3098621066762623e+00
1.3266176274626826e+00
1.1403748729253076e+00
1.1042405168717535e+00
1.3144017344070313e+00
1.3199525123667890e+00
1.1726973360919670e+00
1.3447070551416229e+00
1.3448172330732819e+00
1.3386518196695740e+00
1.3368100098906563e+00
1.3236159015342150e+00
1.1027697862303036e+00
1.1091112352242882e+00
1.1933559232543129e+00
1.1202022026325160e+00
1.3537214292924500e+00
1.3542966246944790e+00
1.3503096845245686e+00
1.3533595710615995e+00
1.3326200322613369e+00
1.3571418614461139e+00
1.3487020556019622e+00
1.1173203468464332e+00
1.2823230982610274e+00
1.1707108270295383e+00
1.2883049645007247e+00
1.3113325412198398e+00
1.2561281826667021e+00
1.2096835833239821e+00
1.2337887286422182e+00
1.3616017210036151e+00
1.3581655626547289e+00
1.2394717647636924e+00
1.3369166745313319e+00
1.3381839568410485e+00
1.3131347858405098e+00
1.3144906310301891e+00
1.1519736559947227e+00
1.3624177307870835e+00
1.3671062008917259e+00
1.3315535515354184e+00
1.3145196302640856e+00
1.3071749625506000e+00
1.2731198071434706e+00
1.3123362698262406e+00
1.1828083858635148e+00
1.2374118286268072e+00
1.2419661185742012e+00
1.3093728720510251e+00
1.3212873293877718e+00
1.3020087203356159e+00
1.2835275507411334e+00
1.3472725516841129e+00
1.2412164299996962e+00
1.1515067683222122e+00
1.3791077780812406e+00
1.1059041068185476e+00
1.2838841963628325e+00
1.3281507545652123e+00
1.2272198878344043e+00
1.3864181653073553e+00
1.1348364201271048e+00
1.1661285396756365e+00
1.3907276796214059e+00
1.2940122202889479e+00
1.3927648363531804e+00
1.3928093275874596e+00
1.3439707910678695e+00
1.3649667637996368e+00
1.3961028081581213e+00
1.3192123029459735e+00
1.1020269042378998e+00
1.2359677125201185e+00
1.4058184114053036e+00
1.1341189926517397e+00
1.2063782761220982e+00
1.1935660956570686e+00
1.2173453594697428e+00
1.1661085051823021e+00
1.1113387120715912e+00
1.3833799230563990e+00
1.3993468102983613e+00
1.1820698442224797e+00
1.3267116327070048e+00
1.3549138334738766e+00
1.2313428340322787e+00
1.1473885834473534e+00
1.4117359650278765e+00
1.2121999018309639e+00
1.1096941547651566e+00
1.2204145126360975e+00
1.4155325453046994e+00
1.1000000000000001e+00
1.3576167840296300e+00
1.1496177868179389e+00
1.4009993148029678e+00
1.2182741938154995e+00
1.4130641917633828e+00
1.3490583279462569e+00
1.4015997707066057e+00
1.4193871983343493e+00
1.2911730407375313e+00
1.2296349601033976e+00
1.3711172778226550e+00
1.1414307669012249e+00
1.3705391128788826e+00
1.3865777050217725e+00
1.3659838314999528e+00
1.3419500395539306e+00
1.1466657031118772e+00
1.3990912556478652e+00
1.4151521287271538e+00
1.3267606261919691e+00
1.2910490018326191e+00
1.3165166952217133e+00
1.3265640116563300e+00
1.3918711134674879e+00
1.4255277609084869e+00
1.3867057030167942e+00
1.3181323234572520e+00
1.4286658239585761e+00
1.4158493448018705e+00
1.1870527061762997e+00
1.4264487449634637e+00
1.3116801597497827e+00
1.3296765940771631e+00
1.3816154180164804e+00
1.2830666326817992e+00
1.3660144680690283e+00
1.3909737563302715e+00
1.4257881209130638e+00
1.3970556911407814e+00
1.3536765761684912e+00
1.4318001013912907e+00
1.2671003615394738e+00
1.3173300605510014e+00
1.4337905139774143e+00
1.1512403458775182e+00
1.2861403732709440e+00
1.4135544046261574e+00
1.4146394129429880e+00
1.4220158523123501e+00
1.1613161260441687e+00
1.3765417138431115e+00
1.4408920030287116e+00
1.3049089300973806e+00
1.3186820305645446e+00
1.4349186815168915e+00
1.4384695435012791e+00
1.4440008193331277e+00
1.2291127881988948e+00
1.3387103106219134e+00
1.4318384176555914e+00
1.1000000000000001e+00
1.1985431784357057e+00
1.2119029922227333e+00
1.4484162329589303e+00
1.2667865894886874e+00
1.3720992300333548e+00
1.2730401899431329e+00
1.4188378314158867e+00
1.2537182865251171e+00
1.4174741821901025e+00
1.4555543932635100e+00
1.4535941023661507e+00
1.3680761678720161e+00
1.1000000000000001e+00
1.3986427175225706e+00
1.4611725968299871e+00
1.2244986991643867e+00
1.4609565113570215e+00
1.4391196764082288e+00
1.2891792373930886e+00
1.4360264268306313e+00
1.4500352948176463e+00
1.4299502988821786e+00
1.1439076622149114e+00
1.4193890315536144e+00
1.4551511904575813e+00
1.2461472599726979e+00
1.4573284609766217e+00
1.3474495149397567e+00
1.1659001805580467e+00
1.4420350087289084e+00
1.3808850694406702e+00
1.2701385120587865e+00
1.3062593539333853e+00
1.2097045674238269e+00
1.1966947873787721e+00
1.3486015799726725e+00
1.3138767235520061e+00
1.3535033649487151e+00
1.3180660838156955e+00
1.4235056932159029e+00
1.3118855135673493e+00
1.4830223104836024e+00
1.1431869758654412e+00
1.1000000000000001e+00
1.2058190771018555e+00
1.4862585065556704e+00
1.3709076806774401e+00
1.4800335808346050e+00
1.4874605087505017e+00
1.4723188111943526e+00
1.3702493690638935e+00
1.1000000000000001e+00
1.3815135701553112e+00
1.1209838108131789e+00
1.4562097908761547e+00
1.4946050195658269e+00
1.4483945076667988e+00
1.1000000000000001e+00
1.1910656589261805e+00
1.3879357652031596e+00
1.1581120108296741e+00
1.5036091248134325e+00
1.2734867862747685e+00
1.2148486995754588e+00
1.2816729336177652e+00
1.4372528718639748e+00
1.3393514992287512e+00
1.1450244612629874e+00
1.2125550866415011e+00
1.5070966827878882e+00
1.4344313930889603e+00
1.2776781831237862e+00
1.2790194915190292e+00
1.2401991672356549e+00
1.5037325231875565e+00
1.4697307574337666e+00
1.5120964239206320e+00
1.2254825753774834e+00
1.3974150385649846e+00
1.3379724961917039e+00
1.3202763784566176e+00
1.4511842454217414e+00
1.3868893766954851e+00
1.4415811940866368e+00
1.4900137904405399e+00
1.4990797144470998e+00
1.3657894212297026e+00
1.2704521175387078e+00
1.3080465651791064e+00
1.4479768314871140e+00
1.4075154134504608e+00
1.4475011452280537e+00
1.1361580181831696e+00
1.5224066807776913e+00
1.5177721676470222e+00
1.4286665370836158e+00
1.4145770903829837e+00
1.3649054658525783e+00
1.4317987953474609e+00
1.5217046047686191e+00
1.5179537011425994e+00
1.4756920992883531e+00
1.2039889016057765e+00
1.1125034624276968e+00
1.4623754700344864e+00
1.4560768177738019e+00
1.5205541299343808e+00
1.1777906107510305e+00
1.5204906184786429e+00
1.4256461831669216e+00
1.1761555406977535e+00
1.3720800092120651e+00
1.1109535471234717e+00
1.5273089543092371e+00
1.2549186512695445e+00
1.3858200154947968e+00
1.4559034396652040e+00
1.1336493837392356e+00
1.5395525091955684e+00
1.5348238250775563e+00
1.3994962379160047e+00
1.5118792677685362e+00
1.1000000000000001e+00
1.4413868256333677e+00
1.2148199113371474e+00
1.1130355706105564e+00
1.5364877584014862e+00
1.5050932377030304e+00
1.1699467147493825e+00
1.5212548335366038e+00
1.4648505234817653e+00
1.1000000000000001e+00
1.4090047274558417e+00
1.4403099316661645e+00
1.4241555595616151e+00
1.3607897876043140e+00
1.3946239773529836e+00
1.1073059598558141e+00
1.5539908301490606e+00
1.3080656266224415e+00
1.1000000000000001e+00
1.5607506105097215e+00
1.5379472717259230e+00
1.4513735199025652e+00
1.1027182050517537e+00
1.5198705212077943e+00
1.4570285201718798e+00
1.5420411826720879e+00
1.5086193502210987e+00
1.1000000000000001e+00
1.5712462237263107e+00
1.3312345914599160e+00
1.1671211279166542e+00
1.4940802241915518e+00
1.2497918305867872e+00
1.4022224984862528e+00
1.2260855694349528e+00
1.5008796415688033e+00
1.5645852758025445e+00
1.1052529086737812e+00
1.1441874813336181e+00
1.3326671753841819e+00
1.2590695489351109e+00
1.4393918177163418e+00
1.5803015025440426e+00
1.4247111259575860e+00
1.5366618353680961e+00
1.5692631254174267e+00
1.5794376441351938e+00
1.5005021816636321e+00
1.5197360419829000e+00
1.5829487812651093e+00
1.5808803799713613e+00
1.5804999190665470e+00
1.5256692535198992e+00
1.4783306332677646e+00
1.5541509630727537e+00
1.4283932289952272e+00
1.2300488939763445e+00
1.1136045034701190e+00
1.5705499330145627e+00
1.4216583826689404e+00
1.5552494561686800e+00
1.5612053731550675e+00
1.5002713570049790e+00
1.1700297569403213e+00
1.4690275579613354e+00
1.1297461640665591e+00
1.5241817019491559e+00
1.2623330338033798e+00
1.5984248330369919e+00
1.3148310727173529e+00
1.2029000595377966e+00
1.1356438448250668e+00
1.5014771473897421e+00
1.3000529273177324e+00
1.3206776568451011e+00
1.1230441105490623e+00
1.3237573123249595e+00
1.2980996257501094e+00
1.6019740929003596e+00
1.3456642173989017e+00
1.5512375331658483e+00
1.2719506967657470e+00
1.6054867646797861e+00
1.6011087437880840e+00
1.3002193886809352e+00
1.5686070635596598e+00
1.4605676839698416e+00
1.6055202319902584e+00
1.3383662807244476e+00
1.5749167231481049e+00
1.5731941004338335e+00
1.3107248818679320e+00
1.5995020704155187e+00
1.5859168432016497e+00
1.5251871544804314e+00
1.4873908710622925e+00
1.5721848972774921e+00
1.5961825588852669e+00
1.6159510493180034e+00
1.1364337920760381e+00
1.4774804116020614e+00
1.1657212555670937e+00
1.1000000000000001e+00
1.5998948431083106e+00
1.4616354625034811e+00
1.5114217551699238e+00
1.1580268495864685e+00
1.1594133817860228e+00
1.3270624401909448e+00
1.5890464559956352e+00
1.3964746880407710e+00
1.1807398613077009e+00
1.1000000000000001e+00
1.3595423287940316e+00
1.5216420018185506e+00
1.5681764127462070e+00
1.5479574408007521e+00
1.5215888051257969e+00
1.2923378705656663e+00
1.6220880001852016e+00
1.5081235391579262e+00
1.5667570093659069e+00
1.4615007253439436e+00
1.6007538152067955e+00
1.4095842775221299e+00
1.4554888569162636e+00
1.2078307557799242e+00
1.3792470368935570e+00
1.6320027052144221e+00
1.6115749756008499e+00
1.4727193788565778e+00
1.4621169556781328e+00
1.4282694429282994e+00
1.5569315497604523e+00
1.5830187756008627e+00
1.5929720666152063e+00
1.5967971809279382e+00
1.4815191359445476e+00
1.3590537538948499e+00
1.3343218871521227e+00
1.4988898338630907e+00
1.5508305432503506e+00
1.1080842349268480e+00
1.1200734867107380e+00
1.5039758692169332e+00
1.3341318447872126e+00
1.6234223429663737e+00
1.6322201422725704e+00
1.1206973200185992e+00
1.3070825575911222e+00
1.3957746321519262e+00
1.6383236430585753e+00
1.4863879172186052e+00
1.6482115412445801e+00
1.6391653700780715e+00
1.2645134600392898e+00
1.6137088716778165e+00
1.6520454757559788e+00
1.5937646925258950e+00
1.6498023264890778e+00
1.6062135651625287e+00
1.6105496126871417e+00
1.3127693646221910e+00
1.4255998205341494e+00
1.6555644691775484e+00
1.6346198650974326e+00
1.2792737776251515e+00
1.4837232149200157e+00
1.5642222883071537e+00
1.5468126885237343e+00
1.3561128991867610e+00
1.5752469863204770e+00
1.6150813863393916e+00
1.6285757581976215e+00
1.6594646353757379e+00
1.6252859399141186e+00
1.2319648763621804e+00
1.6647177492091445e+00
1.6519373568616547e+00
1.2611416440177710e+00
1.4265032262291610e+00
1.2744479193819516e+00
1.4671751918294675e+00
1.2793266258419376e+00
1.6152253068669837e+00
1.3858698632647264e+00
1.6390512117067955e+00
1.6642262961337533e+00
1.5249108921069396e+00
1.6549145993524066e+00
1.6736005932242886e+00
1.6270939540900855e+00
1.2499779987576343e+00
1.4744587184862947e+00
1.1227195390682230e+00
1.6638815819738491e+00
1.6681567415730785e+00
1.6617881134827754e+00
1.6787743913488973e+00
1.6654739920356487e+00
1.5598755338249095e+00
1.2523704281814423e+00
1.3348975052330785e+00
1.6830612241886551e+00
1.5170515477228377e+00
1.6642894297087905e+00
1.6854745089355081e+00
1.5755476870681813e+00
1.3393450969027096e+00
1.4123861292571449e+00
1.5509709415944670e+00
1.6207472953657467e+00
1.2974397580171975e+00
1.6835851627285729e+00
1.3934964433384998e+00
1.2208364228947868e+00
1.4181564814612080e+00
1.6734049538135982e+00
1.1000000000000001e+00
1.6216149353753351e+00
1.6867935750275067e+00
1.6409758547495863e+00
1.5494626555441664e+00
1.2742883614331721e+00
1.6835418184098061e+00
1.6568518657449303e+00
1.6686905568137838e+00
1.1097821960917365e+00
1.1614144087865321e+00
1.6965870438830648e+00
1.1108617873164843e+00
1.6950869088865173e+00
1.6988259872417455e+00
1.6134202696897637e+00
1.2646534151321294e+00
1.6987210024189359e+00
1.5567388378854159e+00
1.4751917119541607e+00
1.6932682373747054e+00
1.4586660238144935e+00
1.3199789377086695e+00
1.3372420540749701e+00
1.4660383441746168e+00
1.1000000000000001e+00
1.4002579500817098e+00
1.6983285151912058e+00
1.3977112412777326e+00
1.6673534813491870e+00
1.4988115106269153e+00
1.4392731556283529e+00
1.1460994733656382e+00
1.1000023301946016e+00
1.6908631281699495e+00
1.4863285370444554e+00
1.6709491841855189e+00
1.1662973623745538e+00
1.5765457260744657e+00
1.2341536229369403e+00
1.7051624854014440e+00
1.5180559686307273e+00
1.4828739504987958e+00
1.6989539481806173e+00
1.5589341246430941e+00
1.1361864199809115e+00
1.4017354432786933e+00
1.4527913639626340e+00
1.3693614676251777e+00
1.3162015869042121e+00
1.2435842096850331e+00
1.7067772788471647e+00
1.5640918580835463e+00
1.1057510560678099e+00
1.6712610695576138e+00
1.7089908787961059e+00
1.7091774742862209e+00
1.1380513275382276e+00
1.7019352360702538e+00
1.6472369516171486e+00
1.5351358190949365e+00
1.6486312317372525e+00
1.6900979080082834e+00
1.4003554861966707e+00
1.6378196569829835e+00
1.1516360942584567e+00
1.6291505259830243e+00
1.2445718774444388e+00
1.6816867493408827e+00
1.7232126081591872e+00
1.5904260001298849e+00
1.6323775583293858e+00
1.1478733764635496e+00
1.6000674881447394e+00
1.2888754136375877e+00
1.3788586580923907e+00
1.7267182373116117e+00
1.7247813826601910e+00
1.6076884482821805e+00
1.1150544699854483e+00
1.6177220790722235e+00
1.2430328984743682e+00
1.7100913602392516e+00
1.7327615261675979e+00
1.6556960071144631e+00
1.6034871200783520e+00
1.2349595209000008e+00
1.7291640543595130e+00
1.7066241847287531e+00
1.5912806323749737e+00
1.3675070186009803e+00
1.4686741996206942e+00
1.6566706696161724e+00
1.5364036139821908e+00
1.7165673049734578e+00
1.5725386112856254e+00
1.4174595223334754e+00
1.2529760416848057e+00
1.7381071997875517e+00
1.3304247321830569e+00
1.7301022473908980e+00
1.4320851732808944e+00
1.6396557747558389e+00
1.4244255544301476e+00
1.6665876448322119e+00
1.6812680823139536e+00
1.6653816072633802e+00
1.6090086496071128e+00
1.5119426214554070e+00
1.6233228975320437e+00
1.4933576601801153e+00
1.2017161444273168e+00
1.2398948032850865e+00
1.3666967811947139e+00
1.2057639287476913e+00
1.6909940265437307e+00
1.2888825503157992e+00
1.7461288247575859e+00
1.1372917156697320e+00
1.5956239810291450e+00
1.5617023872898870e+00
1.6774755960585059e+00
1.2461782485560284e+00
1.5389755852805700e+00
1.6523697522279481e+00
1.5623414155912432e+00
1.5814304921187488e+00
1.2605070782891423e+00
1.7523601585907471e+00
1.3191008657769081e+00
1.4024649993439711e+00
1.1811162157593826e+00
1.4864542617093441e+00
1.6785128694386509e+00
1.3863325109704279e+00
1.2065533921648042e+00
1.3016537554213967e+00
1.4064154931427906e+00
1.6036699583282648e+00
1.1087990686923634e+00
1.7012939682224792e+00
1.7404873140982684e+00
1.1638478114329005e+00
1.7419059162937005e+00
1.7615926426775843e+00
1.5145750421234485e+00
1.4725863163464532e+00
1.1000000000000001e+00
1.7322940383730643e+00
1.2590233002619244e+00
1.4961764002521465e+00
1.6986402181083138e+00
1.1707497778083864e+00
1.7270398291820004e+00
1.7168565138880099e+00
1.5767722245715470e+00
1.7364931614566146e+00
1.7371130115612297e+00
1.3991160419458790e+00
1.4974379552084609e+00
1.5124967478336031e+00
1.7215932071149305e+00
1.7750971940439171e+00
1.4769205661456501e+00
1.3948008298290038e+00
1.6276052148837032e+00
1.5247682980713935e+00
1.7358244359588111e+00
1.6939840489503735e+00
1.6877987551755564e+00
1.6449402311064789e+00
1.5065836266960164e+00
1.7686476091602583e+00
1.6224870800839066e+00
1.4441161780970719e+00
1.4605987806512011e+00
1.6547909723367584e+00
1.7125390111463870e+00
1.6080193773889451e+00
1.7127877604582111e+00
1.7782117281170446e+00
1.4754502176112705e+00
1.7371326284737183e+00
1.6290175967038287e+00
1.7839109039176324e+00
1.7386412719402173e+00
1.2925493789536755e+00
1.7363371195804622e+00
1.7687669254593708e+00
1.6151180332691939e+00
1.2415041478212763e+00
1.4822676294194401e+00
1.7619276015108505e+00
1.7871529442174494e+00
1.5621580502792594e+00
1.2436423466861553e+00
1.7293222941043225e+00
1.1117362802089019e+00
1.6886234192025449e+00
1.7954982938182762e+00
1.6545246763897135e+00
1.1000000000000001e+00
1.1634160269456877e+00
1.7172959173584990e+00
1.7734662189223873e+00
1.7638073911407961e+00
1.4981001398026663e+00
1.7873719090288471e+00
1.4893106868682879e+00
1.6095733022210821e+00
1.7645305503855004e+00
1.7986701009434900e+00
1.1000000000000001e+00
1.1104713460537965e+00
1.7959227005576544e+00
1.4292129113339784e+00
1.1000000000000001e+00
1.7841699102283390e+00
1.7910703984062679e+00
1.8066398238379322e+00
1.7003514269118019e+00
1.5835224193693973e+00
1.4311311772554789e+00
1.7423282389015444e+00
1.6810607422260775e+00
1.7290426660139890e+00
1.7764825747227413e+00
1.7511467053015899e+00
1.5969072112996912e+00
1.3192886139688305e+00
1.6875291461082047e+00
1.6364702280942689e+00
1.7960059989087656e+00
1.7143008320703812e+00
1.3718828420432807e+00
1.5566725888285691e+00
1.3303205421455324e+00
1.7771083130387566e+00
1.1293588720426537e+00
1.6145198199685933e+00
1.8129949374567640e+00
1.7569234355783649e+00
1.1218615937366789e+00
1.7867273210745491e+00
1.1874216642757063e+00
1.5703556997918253e+00
1.1025109891368190e+00
1.6403088988290242e+00
1.6852074496367693e+00
1.6876227876476917e+00
1.1136949733471759e+00
1.3522608280018416e+00
1.5342071494434886e+00
1.5008655070131107e+00
1.7230188445346544e+00
1.8144779573694985e+00
1.1000000000000001e+00
1.4942392390366788e+00
1.7830053451720806e+00
1.7148294937000002e+00
1.1672268913583737e+00
1.2426654855868837e+00
1.3073622122187294e+00
1.5093045355400481e+00
1.5457408171187608e+00
1.8081881876369250e+00
1.3269662580109742e+00
1.4031314358029379e+00
1.7998225456323804e+00
1.5656548070046048e+00
1.7138573326149626e+00
1.3135160143333418e+00
1.4190149859865857e+00
1.2989225249790066e+00
1.8261725220300429e+00
1.7533989649803803e+00
1.8135530265667705e+00
1.3127388446376649e+00
1.1108989568302610e+00
1.6162784856356467e+00
1.7719990452051531e+00
1.6800577476933982e+00
1.5308979475376421e+00
1.8180840547349337e+00
1.2752961675435379e+00
1.1082669198277311e+00
1.1719974200992334e+00
1.8280280373534143e+00
1.5629898302475342e+00
1.8377097379190173e+00
1.3879120194275798e+00
1.8325697482267485e+00
1.8354821855989019e+00
1.4083393682538747e+00
1.1945712863547897e+00
1.1000000000000001e+00
1.7698453482315473e+00
1.7405774961583540e+00
1.4119756721627887e+00
1.4374667024280683e+00
1.8412366974016692e+00
1.7942115046864915e+00
1.1205965593463512e+00
1.1000000000000001e+00
1.1837686528693150e+00
1.4780016782881813e+00
1.7882723211826992e+00
1.2454037183069711e+00
1.2938113712899302e+00
1.8106527613605250e+00
1.8546905609539071e+00
1.6300731300205040e+00
1.1000000000000001e+00
1.1605949490824921e+00
1.4896552488469255e+00
1.8309799996386058e+00
1.5931686645189178e+00
1.7037646925028340e+00
1.8317819671498579e+00
1.4034020341804938e+00
1.8028147252498843e+00
1.6281284722497587e+00
1.7983730358218608e+00
1.8553577538929895e+00
1.5975405182542126e+00
1.6494865250805035e+00
1.4855500351951401e+00
1.8306798602129577e+00
1.8212006122778364e+00
1.5938606462887013e+00
1.3305024227371374e+00
1.6735109793222067e+00
1.7999603321251652e+00
1.3753923921872024e+00
1.1000000000000001e+00
1.5535166690038245e+00
1.8204655832173868e+00
1.6032904483552661e+00
1.2624697735512971e+00
1.3248959983072806e+00
1.8193296598401678e+00
1.8684847228601995e+00
1.1000000000000001e+00
1.5183491757390351e+00
1.8716280411278419e+00
1.8491744462536901e+00
1.8074484554702472e+00
1.3485154376406574e+00
1.7843080407831917e+00
1.4330914473295566e+00
1.7215074302494267e+00
1.8296085670544056e+00
1.8601779302950254e+00
1.6083087741870896e+00
1.8119792505810883e+00
1.5044806383075702e+00
1.8647001118177349e+00
1.6655966738863790e+00
1.8707406145417060e+00
1.7873188802235371e+00
1.8774855271465964e+00
1.4316259634196133e+00
1.8400446093761964e+00
1.7131799050874750e+00
1.6302706327544390e+00
1.7028531254331023e+00
1.8564102674287932e+00
1.8839107189511841e+00
1.2868795610831003e+00
1.8521838641141477e+00
1.4483026974039088e+00
1.6461619991227190e+00
1.6501900467277273e+00
1.8659640956758388e+00
1.6842503192371061e+00
1.8141310408658207e+00
1.8463560052297376e+00
1.7816348936376607e+00
1.8062543053499334e+00
1.4955142602468128e+00
1.6264591081123241e+00
1.8219934039089338e+00
1.8032920705095674e+00
1.4721839803468832e+00
1.3646422251316537e+00
1.8788838890481658e+00
1.8916809847180387e+00
1.1297233462781624e+00
1.7827638264229781e+00
1.6438535311175142e+00
1.5099301820972699e+00
1.8846878522868091e+00
1.8737704732976601e+00
1.7090344803526745e+00
1.6112200450753811e+00
1.8324471503012583e+00
1.8141930038691609e+00
1.4424528044422447e+00
1.1688120221606897e+00
1.8696034099615364e+00
1.1125970256901598e+00
1.8901549691493522e+00
1.6847123624682219e+00
1.8839768517473425e+00
1.8448052757675724e+00
1.8453181645210526e+00
1.8943528470273296e+00
1.3687070547208950e+00
1.6751313836837718e+00
1.4525829616251003e+00
1.9002008468264950e+00
1.1770692442541228e+00
1.2605191918523420e+00
1.5494962291102512e+00
1.4781440692139340e+00
1.8123792692157963e+00
1.6971650426645923e+00
1.6949727107985937e+00
1.9012586845383188e+00
1.5882093021307018e+00
1.8784379762000434e+00
1.8544306516451772e+00
1.1329674455257528e+00
1.1637700637788637e+00
1.5760939268890386e+00
1.8715688923309561e+00
1.6950798142107528e+00
1.4599101901244960e+00
1.9010661631776502e+00
1.2544983855910767e+00
1.7896081787769873e+00
1.5599645011534333e+00
1.8629241367692728e+00
1.1671315218425031e+00
1.7105622072574738e+00
1.8557302421869237e+00
1.7484991384945805e+00
1.3147042552072157e+00
1.6338916797971494e+00
1.5390680328272976e+00
1.5095057901134270e+00
1.9064475586231520e+00
1.7710394457624221e+00
1.8728583563786110e+00
1.2149251536389372e+00
1.7810896911538039e+00
1.8302265024133604e+00
1.8157609562034493e+00
1.7494635945345034e+00
1.3790749519519485e+00
1.8973865089046247e+00
1.8864472470875389e+00
1.9155087163227433e+00
1.6645119573215930e+00
1.4264506253067579e+00
1.8695406471952911e+00
1.9162048120329975e+00
1.9023223036044263e+00
1.2593901693069449e+00
1.1794989265763909e+00
1.7644679273263062e+00
1.8812251446595420e+00
1.8053554880634983e+00
1.8112555192995259e+00
1.4756454180935985e+00
1.7973490636852922e+00
1.8959769413011844e+00
1.8262023920576369e+00
1.1000000000000001e+00
1.7356102819811521e+00
1.8639847511140510e+00
1.7417948582309808e+00
1.2836767645376295e+00
1.8759297042657488e+00
1.8832638857956754e+00
1.9273611887956341e+00
1.6483520006587282e+00
1.4687879035230933e+00
1.4519436932776044e+00
1.5310839624926436e+00
1.9285734603189495e+00
1.9280189768240357e+00
1.8341489889696296e+00
1.8071102550225926e+00
1.8912095211886997e+00
1.5900860715529412e+00
1.7289975388393670e+00
1.7399391314223855e+00
1.9194974436405523e+00
1.9187289871808497e+00
1.4772744530153139e+00
1.9273732935108923e+00
1.7214826263727310e+00
1.9030803201572959e+00
1.3457327668889227e+00
1.7840558107631939e+00
1.8117726428783896e+00
1.4231542641637056e+00
1.8669039538697749e+00
1.7089011171656563e+00
1.1621377914793789e+00
1.7410698011105585e+00
1.9340412498971775e+00
1.3338331889672119e+00
1.1788155824937869e+00
1.8736929613834523e+00
1.1000000000000001e+00
1.3654336074008289e+00
1.8779820213206235e+00
1.1443340759699130e+00
1.1378547697470143e+00
1.6437736824137370e+00
1.9390346040559852e+00
1.8903778146332408e+00
1.8833452222378135e+00
1.1000000000000001e+00
1.7189930359976113e+00
1.6519915262838909e+00
1.8470921787579142e+00
1.3554135624811885e+00
1.9078780253504068e+00
1.4963689531056490e+00
1.9433695199836309e+00
1.5715778687999511e+00
1.6436250484763821e+00
1.6466438208372463e+00
1.5579152568031285e+00
1.1067362700389305e+00
1.8134084273155269e+00
1.6899152999702891e+00
1.8777789015401134e+00
1.5185775988683197e+00
1.6884238771025197e+00
1.1000000000000001e+00
1.4613273881324567e+00
1.9138512096352205e+00
1.9485165454225166e+00
1.6321978877390959e+00
1.4113786313414822e+00
1.5361359816462077e+00
1.8505760136990181e+00
1.6042664593134537e+00
1.7390004760510713e+00
1.9233129656262005e+00
1.4507349559220084e+00
1.1276039472437913e+00
1.7788023939678004e+00
1.8055413914870404e+00
1.9022230935883422e+00
1.6236528038859683e+00
1.1894419964803609e+00
1.9529151340777733e+00
1.9528299159609288e+00
1.5378423156484820e+00
1.8792979366369189e+00
1.5462332731623905e+00
1.8151979197398327e+00
1.3054405882609226e+00
1.8344013081432742e+00
1.5378115032866362e+00
1.7688231262272522e+00
1.3175256461121969e+00
1.6599687224182864e+00
1.7808303835148487e+00
1.1445751397239092e+00
1.8000927442681720e+00
1.9523798174270668e+00
1.1018732333077608e+00
1.6324880600142566e+00
1.5553244690159791e+00
1.1413892343728025e+00
1.4157762431488401e+00
1.5692485089900445e+00
1.9332431283981886e+00
1.6490905616711831e+00
1.7588804273523730e+00
1.2018060430413995e+00
1.1331680227680250e+00
1.4248485142750551e+00
1.6625868802472517e+00
1.6142232692513119e+00
1.9402975445887409e+00
1.9551488283265521e+00
1.2781803369111091e+00
1.8324472665846572e+00
1.9162721573992250e+00
1.8145528215479856e+00
1.6952133347661398e+00
1.1556466296186914e+00
1.9677858406603339e+00
1.1992790613815465e+00
1.3301860325878505e+00
1.1000000000000001e+00
1.8201635530998770e+00
1.7775674029292134e+00
1.4598076617098401e+00
1.1000000000000001e+00
1.3230987179034894e+00
1.8793920252989591e+00
1.4070209305649564e+00
1.8261671350671476e+00
1.6647611308859713e+00
1.9735551851523447e+00
1.8751702156612629e+00
1.9617712794002975e+00
1.6856037653041431e+00
1.7283501373853629e+00
1.9729527292562890e+00
1.4520446713798365e+00
1.7956754511327244e+00
1.9356849324180385e+00
1.9210088421149218e+00
1.6138711812423914e+00
1.2770201965027905e+00
1.6961907137084062e+00
1.8463606878040146e+00
1.5783275472263867e+00
1.5412577469512494e+00
1.9396209577654049e+00
1.3580932048625174e+00
1.1642554901860094e+00
1.1000000000000001e+00
1.7499987309175558e+00
1.8885415051936962e+00
1.7080552441416690e+00
1.8142092957364602e+00
1.9659928267499067e+00
1.9732107689804252e+00
1.1165465990932264e+00
1.8004265188797279e+00
1.7000205152347898e+00
1.6696139973784581e+00
1.9825784771476145e+00
1.6986542259770725e+00
1.9814298252534228e+00
1.5939304566211336e+00
1.8476684319055459e+00
1.9810522564452167e+00
1.3540427685281420e+00
1.9710891480967718e+00
1.6260574898332032e+00
1.9684612817179077e+00
1.7787799704644556e+00
1.5362475107340472e+00
1.2444118528450878e+00
1.9831779058432861e+00
1.7314848158254437e+00
1.3783157589518384e+00
1.7534854923072105e+00
1.9827786402720387e+00
1.6131462938828078e+00
1.4974562153111042e+00
1.5245395028061646e+00
1.1369274198774717e+00
1.1000000000000001e+00
1.5283636657567066e+00
1.8085101529821350e+00
1.8415508069307807e+00
1.7507244584246480e+00
1.7808183682323673e+00
1.1948577377545433e+00
1.7731887442674841e+00
1.1166054886951269e+00
1.9883938656487565e+00
1.9814801459691531e+00
1.5872981388429972e+00
1.3069557918520882e+00
1.2774157891014746e+00
1.4830777308594234e+00
1.8642858452947850e+00
1.8799174068762725e+00
1.9484419469212646e+00
1.9801338886170003e+00
1.2393698649631117e+00
1.9216857183741332e+00
1.1276473182207989e+00
1.6603855873989084e+00
1.5327352897069217e+00
1.2310209800813932e+00
1.7980089271249278e+00
1.9841912663394177e+00
1.1831748328260356e+00
1.4974140406008913e+00
1.1576050844740904e+00
1.9955883666206700e+00
1.9860723762615917e+00
1.8422776648915538e+00
1.9970752336125197e+00
1.9983547126884411e+00
1.8007353840916602e+00
1.7224013083453413e+00
1.1307955042901829e+00
1.8451431368729363e+00
1.7769229771725477e+00
1.3478086787543777e+00
1.5593354686247061e+00
1.8347890207678563e+00
1.8925879729734185e+00
1.6124773344505141e+00
1.1489942755677978e+00
1.8805672519865539e+00
1.9274923550436251e+00
1.8860952939219282e+00
1.3502645342870636e+00
1.9855012548487494e+00
1.5752619740700597e+00
2.0003804806549699e+00
1.2721033655097900e+00
1.5586262603972920e+00
1.1056896030805212e+00
1.1022771831817979e+00
1.8966359003513389e+00
1.1993344958489665e+00
1.5098775271247817e+00
1.1959159433144650e+00
1.8424942982940256e+00
1.1189887965318943e+00
1.2994761041314538e+00
1.5730064801321220e+00
2.0016015442605299e+00
1.5097956671551205e+00
1.4907195189339970e+00
1.5514480798829871e+00
1.5274161587490984e+00
1.1523612217692234e+00
1.6888932616015704e+00
1.7508207916372140e+00
1.8924038791136006e+00
1.4749169577805858e+00
1.5769760529519767e+00
1.7700528696501994e+00
1.1787110847221349e+00
1.5430635737678076e+00
1.6429736145104754e+00
1.6581507717256896e+00
1.7196649251739022e+00
1.9152494429241531e+00
1.2510078042851052e+00
1.9010693136564112e+00
1.9449820966083216e+00
1.4549925671064221e+00
1.6341170441964974e+00
1.1000000000000001e+00
1.9112699776853215e+00
1.8069750718082194e+00
1.9123850816029173e+00
2.0110423830754964e+00
1.6226641428786581e+00
1.4953632459340325e+00
1.9543398658756272e+00
1.9950465360155885e+00
1.6203019090721158e+00
1.8966174130520395e+00
1.1000000000000001e+00
1.6498196832689125e+00
2.0057801809856102e+00
1.1970136857115479e+00
1.3578344947232235e+00
1.7314332704504738e+00
1.6533983770703731e+00
1.8143803526069759e+00
1.8862456503297449e+00
1.6797200181616814e+00
1.9746671635627779e+00
1.3959495623560574e+00
1.6050334088283953e+00
1.5859623367977074e+00
1.8035280999595982e+00
1.9786889847329765e+00
1.6130299719488743e+00
2.0167516197729682e+00
1.1000000000000001e+00
1.1437008381647857e+00
1.7065573856597727e+00
1.2493189611272801e+00
1.4128544638037825e+00
1.3580574261143861e+00
1.1639295707160489e+00
2.0110472970719955e+00
1.9312543162190154e+00
1.5841352936478135e+00
1.6679435007722090e+00
1.9925884271194980e+00
1.9787088040341363e+00
1.9468008648663564e+00
1.7469942399472012e+00
1.8944430476759040e+00
2.0185922780262309e+00
1.5352819783586691e+00
1.3822137558409890e+00
1.1459573717964848e+00
1.9636458816906779e+00
1.3153327941268484e+00
1.5047799652491038e+00
1.2817709357089342e+00
1.6139751877841801e+00
1.3285895046877407e+00
1.7300509471355030e+00
1.9682976342913685e+00
1.7942421581059764e+00
1.1016661893998985e+00
1.8551718696786441e+00
1.6259222046161808e+00
1.5525966206432715e+00
1.4298981240548607e+00
1.7242822739400077e+00
1.8783432876669441e+00
1.3754691908756449e+00
1.9543353065785809e+00
2.0229938978234490e+00
1.8972327386297088e+00
1.9866117175146245e+00
1.5910379927106666e+00
1.8648140893008209e+00
2.0094164721868868e+00
1.7680082569844955e+00
1.6009758825618037e+00
1.6763696544108622e+00
1.8620882646695458e+00
1.9785514027413966e+00
1.3702583535947281e+00
1.7897927943844500e+00
1.6845499802436104e+00
1.2898994665891783e+00
1.3237673553178380e+00
1.2320156624564316e+00
1.6077346322294486e+00
1.9495999955051098e+00
1.5053235603108088e+00
1.7978704096254785e+00
1.5251361467515827e+00
1.7530121906590943e+00
2.0344622622391038e+00
1.5420120223509013e+00
1.5830282860013623e+00
1.2221425529991281e+00
1.7573758809644806e+00
1.6821516342917584e+00
1.7054656339567760e+00
2.0357857029826794e+00
1.1116379633151916e+00
1.1831472759545620e+00
2.0274543996571479e+00
2.0195824603499970e+00
1.4221556284668346e+00
2.0152042913170440e+00
1.4285200921330605e+00
2.0307588725758929e+00
1.2740360829763893e+00
1.6215675504187459e+00
1.3533835684479547e+00
1.6419632700522486e+00
1.9866360436103774e+00
1.8826186151072641e+00
1.7178257309162384e+00
1.1000000000000001e+00
2.0044321814793680e+00
2.0090673561880266e+00
1.9339852135679094e+00
1.5532195855609119e+00
1.8520472564681387e+00
1.9829497341519158e+00
1.7277401652393949e+00
1.1000000000000001e+00
1.7174278980894839e+00
2.0400710196094161e+00
1.8297108641878586e+00
1.7816307335525612e+00
1.8481552809020845e+00
2.0385922188734065e+00
1.9721634675978503e+00
1.5214535937255527e+00
1.2771356316610323e+00
1.6692336181094074e+00
1.2399931701908844e+00
2.0431320823041155e+00
1.9980771261603627e+00
1.8125333076815173e+00
1.1095661285443061e+00
1.7654528848804754e+00
1.8555459265392593e+00
2.0329094031467969e+00
1.2813422806020676e+00
1.5471624524592342e+00
1.1477549690362410e+00
1.6844213254431917e+00
2.0251998035472947e+00
2.0454231687030600e+00
1.7442410272915958e+00
1.6142414243194394e+00
1.2454726835111911e+00
1.9833768281435229e+00
1.5031826452649355e+00
1.2921265511853153e+00
1.6397072445412411e+00
1.9071457351818792e+00
1.5690839556462703e+00
1.3446439778656052e+00
1.7296985219912666e+00
1.9766407760815645e+00
1.9541589028042174e+00
1.3363914321546824e+00
2.0465366409488985e+00
2.0223938247090625e+00
1.9603098269773025e+00
1.8921686167290992e+00
2.0411102015784657e+00
1.6313510545864767e+00
1.9686909484685375e+00
1.1659320968388580e+00
1.3336501967268397e+00
2.0430793304828163e+00
1.5187408687203501e+00
1.5228697554260238e+00
1.9543457575885546e+00
1.9797742082648566e+00
1.4560029527290639e+00
1.4586619321132366e+00
1.1509559114487287e+00
1.9016099787978584e+00
1.7195316289991969e+00
1.4542757960074335e+00
1.9033888857576398e+00
1.2432997653176125e+00
1.8517587042931551e+00
1.8781065638311065e+00
1.8967049596386878e+00
2.0375465681579730e+00
1.4986156802529540e+00
1.1429836974775758e+00
1.8559028943158604e+00
2.0131828578598041e+00
2.0052946092167327e+00
2.0342100161292223e+00
1.1000000000000001e+00
1.1039291989409399e+00
1.7495068538129819e+00
1.4329370739872800e+00
1.9942391230835406e+00
1.1000000000000001e+00
2.0479248062010607e+00
1.8704082490259757e+00
2.0555575941897302e+00
1.4065614663942709e+00
1.5214385089887146e+00
2.0125566870882303e+00
1.9753633099129686e+00
2.0457645207448230e+00
1.7097954535409174e+00
1.8204993306261583e+00
2.0379651095877556e+00
1.8009523586661988e+00
1.3345002593720992e+00
1.2647407706979634e+00
1.4716921112302892e+00
1.3234932886288633e+00
1.7692748373224831e+00
2.0604128115441740e+00
1.8986693616163206e+00
1.7520394662430891e+00
1.7101086339384222e+00
1.5326905578281202e+00
1.3892975731331121e+00
2.0525003061227616e+00
1.5297928753685253e+00
1.1000000000000001e+00
1.3655643754091416e+00
1.9763661737320650e+00
1.4128496047666710e+00
1.9322307045357321e+00
1.9648716082325548e+00
1.1134196591343015e+00
1.5887661619845117e+00
1.1861613440075971e+00
2.0302304289732880e+00
1.9914112049388031e+00
1.9706222759153773e+00
1.9153465167147687e+00
1.7699865439039160e+00
1.8997130826857420e+00
1.9825887676784661e+00
2.0622953548941627e+00
1.5509420652530783e+00
1.5400151324949021e+00
2.0488935884632431e+00
2.0427376964989623e+00
1.7207388000210115e+00
1.1749692396537770e+00
1.5637610777152315e+00
1.2339396679317571e+00
2.0556986279883844e+00
2.0638455099810060e+00
1.3070279539086216e+00
1.7626525765987446e+00
2.0251417849166451e+00
1.4806463950322815e+00
2.0408943918246063e+00
2.0253956256336036e+00
1.7026528093350934e+00
1.2083317603056449e+00
1.8356412890257610e+00
1.8127065062477932e+00
1.9968666650423219e+00
1.6678132452858487e+00
1.7554966080132848e+00
1.7186626555744813e+00
1.1000000000000001e+00
1.5275719449161578e+00
1.9521803095265748e+00
1.6127446705699722e+00
1.8834491439508338e+00
1.9779438181811360e+00
2.0653399239252179e+00
1.7906122104097966e+00
1.1000000000000001e+00
1.6905930378487861e+00
1.3270858886093140e+00
2.0104578993810875e+00
1.5587489954861078e+00
1.7679026374566389e+00
1.1000000000000001e+00
1.5082948973017767e+00
1.4760454811365182e+00
1.4290022065869141e+00
2.0437054366703178e+00
1.1670537801559571e+00
1.8211723385431062e+00
2.0724040561866488e+00
1.8643838739090934e+00
1.6061548580389986e+00
1.7688685447589449e+00
1.3031430391136134e+00
1.2580613533638147e+00
1.2489916324770352e+00
1.9265072916759038e+00
1.1000000000000001e+00
1.8992059694890280e+00
1.8793240135293217e+00
1.9823055076881140e+00
1.5629651672418907e+00
1.6298403141625060e+00
1.2571185421894258e+00
1.1973323304509926e+00
1.8879030113583213e+00
1.2445483683110750e+00
1.6752772891893177e+00
2.0332417521650172e+00
2.0376177431291937e+00
2.0755765791608463e+00
2.0666955513886323e+00
1.1042697208600063e+00
1.1000000000000001e+00
1.8237624501061931e+00
1.1205636410021105e+00
1.8616530335512542e+00
1.6983054658357384e+00
1.6275574899345755e+00
1.6228242638785901e+00
1.1682706446354947e+00
1.7536053123661421e+00
2.0782649976479708e+00
2.0260267265232570e+00
1.9409908965270657e+00
1.5094616239646776e+00
1.7563665982292394e+00
1.3278052262507094e+00
1.6871849755235306e+00
1.4848490142930284e+00
2.0635600172055133e+00
1.7256625458627191e+00
2.0186441979839316e+00
1.9894743972346363e+00
1.4358731132110207e+00
1.2548528300164596e+00
2.0432675341822950e+00
2.0527889173161684e+00
1.8419921607015453e+00
1.9891438077615611e+00
1.5560356292065858e+00
1.6293183867156060e+00
2.0668510317750455e+00
1.8585806877453517e+00
1.2820822819427091e+00
1.8826381284591869e+00
1.2850221049862114e+00
2.0831543643745851e+00
2.0799081141915008e+00
1.4176273981787912e+00
2.0131595628797636e+00
1.9782176928112420e+00
1.6169462688675180e+00
1.6671931811335905e+00
2.0768647456596518e+00
1.1026061766881665e+00
1.1539112293301641e+00
1.1000000000000001e+00
1.5662551678547052e+00
1.6784701590310611e+00
2.0844421059281819e+00
1.3199243351185177e+00
1.1000000000000001e+00
2.0667536317555211e+00
1.6025296978762296e+00
1.4953267430980690e+00
2.0658808020417623e+00
1.8094630267678689e+00
2.0695504994762630e+00
1.5415334912568985e+00
1.9317235219036437e+00
2.0809749998178342e+00
1.2843755160333081e+00
2.0616123916968245e+00
2.0831488733042307e+00
1.2737737532956670e+00
1.8668241088461537e+00
1.7142876333960833e+00
1.9936370480083081e+00
2.0048993966849493e+00
2.0646651648732930e+00
2.0782311010679004e+00
1.7367509133999619e+00
2.0291132636445197e+00
1.9967994020319191e+00
1.4594290885786598e+00
1.9463707252026490e+00
1.3376153091909440e+00
2.0851402056828121e+00
1.3112270585363932e+00
1.6132752035248861e+00
2.0827507539069687e+00
1.3284582934656337e+00
1.1563234653821315e+00
1.1349120177189824e+00
1.1000000000000001e+00
1.8730353727482556e+00
2.0876302878709487e+00
1.8439402556471971e+00
1.8739933877994885e+00
1.1071292781570359e+00
1.1039841727030009e+00
1.6647229235996281e+00
1.9939553699163999e+00
1.3039793872426655e+00
2.0799256023694896e+00
2.0508438823188655e+00
1.1000000000000001e+00
2.0888101047609449e+00
1.1013686045643079e+00
2.0796386695146634e+00
2.0135260720478030e+00
1.5782282980230598e+00
2.0887731972086350e+00
1.5328958406018633e+00
1.7324898943010441e+00
1.2151167981591529e+00
2.0420839430433939e+00
2.0783789400436472e+00
1.5068168819093859e+00
1.7100852153600570e+00
1.5477481555539707e+00
1.6997318108264139e+00
2.0873149537408127e+00
1.9445259867356763e+00
1.7523467674789086e+00
1.6027326413286067e+00
1.1841615872460540e+00
1.7619067760954561e+00
1.7600869279681350e+00
1.1000000000000001e+00
2.0151982186620825e+00
2.0510674054292046e+00
1.8870921015066955e+00
1.6232457138309959e+00
1.3834748271668209e+00
1.1568961341688104e+00
1.3524308152729023e+00
1.2316873545014855e+00
1.3629051393013860e+00
1.5991124131668435e+00
2.0544377862331671e+00
1.7492061194513080e+00
1.1981534893140406e+00
1.9518981953009644e+00
1.9542328744760373e+00
1.4251530277827280e+00
1.4011105898467804e+00
1.9999981609544679e+00
1.6261790767192807e+00
1.6046521012817028e+00
2.0471595383668504e+00
2.0933702662213998e+00
1.7262104221051540e+00
2.0922440934265794e+00
2.0843200790099763e+00
1.8002674593220056e+00
2.0421166064826419e+00
1.9072854582334380e+00
2.0937025939381591e+00
1.8510984761977523e+00
1.5351708665435164e+00
1.4928033706793367e+00
1.5607163913695863e+00
1.5265514173244157e+00
1.2052768357499055e+00
1.7467928423326031e+00
1.4003817646904813e+00
1.9795128034574501e+00
1.8476533288817425e+00
1.1744174622591330e+00
1.1617201407124926e+00
1.3475497181030203e+00
1.4340555908294479e+00
1.7354356180400046e+00
1.4232309707464816e+00
2.0930694304162287e+00
1.9773374197368774e+00
1.7363346467014011e+00
1.8069879406333134e+00
2.0602011717620563e+00
2.0387748874544096e+00
1.9996182502903885e+00
1.8301218405144053e+00
1.5708180606217903e+00
1.9251985218698993e+00
2.0567084837755121e+00
1.9887215237665821e+00
1.3935760494071689e+00
1.4457043344382468e+00
1.5011502222721009e+00
1.5135760446124134e+00
2.0965513187603446e+00
1.7540158421270440e+00
1.5097713344056023e+00
1.9749395841422686e+00
1.3668311896012129e+00
1.8443623198757828e+00
1.5363109422957670e+00
1.3393126145206009e+00
1.8573727725143705e+00
2.0742740181475767e+00
2.0660784503731744e+00
2.0968962230738191e+00
1.9541960988166673e+00
2.0560152328111974e+00
1.3718279316141220e+00
1.1063492890538031e+00
1.5150475102324399e+00
1.5847129577572665e+00
1.7220596990407278e+00
1.7747190030891047e+00
1.1820291066026414e+00
2.0541212561017925e+00
1.7952925276923861e+00
2.0043478215369910e+00
1.1000000000000001e+00
2.0621552002612340e+00
2.0209762805957014e+00
1.3292642512085249e+00
2.0295252970115225e+00
1.1171840634904358e+00
1.9315782623577302e+00
2.0098175008658190e+00
2.0155475352310210e+00
1.4570457463614717e+00
1.1048012974000205e+00
1.8694611222258133e+00
1.9430126626233177e+00
1.1097856645910031e+00
1.2650148234022409e+00
1.6903873743881865e+00
1.1000000000000001e+00
1.1579425811544888e+00
2.0859509422102693e+00
1.6786255251895681e+00
1.7690994409765142e+00
2.0278175557057421e+00
1.9999682701600385e+00
1.1114662021634210e+00
1.9225873835161713e+00
1.1000000000000001e+00
1.6307825779407854e+00
1.2824268997394994e+00
1.2826847246110398e+00
1.6269145162264613e+00
1.1946898778971926e+00
2.0888882995636213e+00
1.8077161380521045e+00
2.0953604582066978e+00
2.0960286753493418e+00
1.1312027975292416e+00
1.8175519804153959e+00
1.8952935965273303e+00
2.0949583718530436e+00
1.2276454714884424e+00
2.0441030489974588e+00
1.9145632085257462e+00
2.0179337058993450e+00
1.9146323089008233e+00
1.4219818358157981e+00
2.0707033070366734e+00
1.6717403728156590e+00
2.0987111350546681e+00
1.9135208580545533e+00
1.6769995554558907e+00
1.8137407017234151e+00
2.0558480297586135e+00
1.1021163512602286e+00
2.0955455322822534e+00
2.0852049045815622e+00
1.8262507718005998e+00
1.5945514665617604e+00
1.9749783064165145e+00
1.9867864745870358e+00
1.9555297190233702e+00
1.8518411492596787e+00
2.0295998911887745e+00
1.1000000000000001e+00
1.5678262546675970e+00
2.0903689687559295e+00
2.0933284065627107e+00
2.0955338266928698e+00
2.0522503879488960e+00
1.3991665540019909e+00
1.9535411244855845e+00
1.7379461570362689e+00
2.0196485697245210e+00
1.6382178826472424e+00
1.3635219158804788e+00
1.2890454472054040e+00
1.2471990578373000e+00
2.0932506127479118e+00
2.0488273183008787e+00
1.9433830058823587e+00
1.1637851068717417e+00
1.8571194077293827e+00
1.8180857569715339e+00
1.1000000000000001e+00
1.9349367061144225e+00
2.0810696897189955e+00
1.5377822458394794e+00
1.8032477229122632e+00
1.5903301596012236e+00
1.9012620499443340e+00
1.1316349411350812e+00
1.6149937299354487e+00
1.4807757115306066e+00
2.0672263604467149e+00
1.8519595977709080e+00
1.9694382082492792e+00
1.4805575501631234e+00
1.9452674448446938e+00
1.9465095023287384e+00
1.2610175547291920e+00
1.2064722003474169e+00
2.0572097949755279e+00
2.0863862167737603e+00
2.0987004943281913e+00
1.8237222010554608e+00
2.0810594270235816e+00
2.0991890903908095e+00
1.2569656786343770e+00
1.5095238523444059e+00
2.0389591908870268e+00
1.7092741304293098e+00
2.0655011614681760e+00
1.9599126380331082e+00
1.6868681194351360e+00
1.3572251539100415e+00
1.1025111318566725e+00
1.2992993120697789e+00
1.3610519647413617e+00
2.0269613641896789e+00
1.6749147775941482e+00
2.0654547519357251e+00
1.7927492371357459e+00
1.8567061562047416e+00
1.5320861208207210e+00
1.7761437150979340e+00
1.4480910375895319e+00
2.0080624066945099e+00
1.6659081619209744e+00
1.3629959302585726e+00
1.8573357400822010e+00
1.9917854692557413e+00
1.4439810169760725e+00
1.8034838689699462e+00
2.0863491162227854e+00
1.4732738743721794e+00
1.3126729832956276e+00
2.0506276827542029e+00
1.9048554102715833e+00
1.7439372845320897e+00
1.9145511449267929e+00
1.5542008628956754e+00
2.0909210711400910e+00
1.9685642277560005e+00
1.1000000000000001e+00
1.7584352749412995e+00
1.2926184105591902e+00
1.9423364962650296e+00
2.0502479430177916e+00
2.0998268966564702e+00
2.0846768238731008e+00
1.3342131897923224e+00
1.2773967417467351e+00
2.0951309091925432e+00
1.6292504855202148e+00
1.6916622207147074e+00
1.9998035278426549e+00
1.6036602742333228e+00
1.9377834847648050e+00
1.2019845252548838e+00
1.4747060577150228e+00
1.8237359512293538e+00
2.0916167729203847e+00
1.8529757987081847e+00
2.0370463391453248e+00
1.7223718784479733e+00
1.9927684993253907e+00
1.4328737364581667e+00
2.0561780425014531e+00
1.5589230869602841e+00
1.8396662600141118e+00
2.0407549083081200e+00
1.6265546855912185e+00
1.2039655357406012e+00
1.7712359803162472e+00
2.0218762644971315e+00
2.0990389853673705e+00
1.6674922462056823e+00
1.2501980886697968e+00
1.6807668610029067e+00
2.0434377296895825e+00
2.0371302133459732e+00
1.2141680862677948e+00
1.2509942546654715e+00
2.0492079363353950e+00
2.0261578094217958e+00
1.1000000000000001e+00
1.9157809902812319e+00
2.0873441549413045e+00
2.0926314964848185e+00
2.0550080952589220e+00
1.2660130285882527e+00
2.0664373681578665e+00
2.0041323309938379e+00
2.0920183638790641e+00
1.1964036023248306e+00
1.5798441699122581e+00
2.0637371871310362e+00
1.3253162936081124e+00
2.0919199299247513e+00
1.6564785310780938e+00
2.0956256098553290e+00
1.9715709439695530e+00
2.0719592684309616e+00
2.0724148430986631e+00
1.7158351861896688e+00
1.6743049394656211e+00
2.0928925250504289e+00
2.0956343252696121e+00
1.6664379969967240e+00
1.6832448397148068e+00
2.0345031967635925e+00
1.2249344726198623e+00
1.7198150053791683e+00
1.6608492436762037e+00
1.1925554655071184e+00
1.8799707204231964e+00
1.9662377863974534e+00
1.5822603170373950e+00
2.0657882075026244e+00
1.6860395077940715e+00
2.0862924480682739e+00
1.1000000000000001e+00
2.0959635582600269e+00
1.9210218423614449e+00
1.5104307729093027e+00
1.5376447648166938e+00
1.7057761348103764e+00
2.0438975181599099e+00
1.8995361183092618e+00
1.1135662351522431e+00
2.0303336791562927e+00
2.0233525722685295e+00
1.9057759216302350e+00
1.3219918161972672e+00
1.9419746602900458e+00
1.8814809862303901e+00
1.8803226306986156e+00
2.0894495816839700e+00
1.9356615288796641e+00
1.4557842668274439e+00
2.0918399969457950e+00
1.1559813122924687e+00
2.0127088800024313e+00
1.7695263774833943e+00
1.9308589113217982e+00
1.2557716372834722e+00
1.2586726024225310e+00
2.0937914914741476e+00
1.6970221986967071e+00
1.3681869718677759e+00
1.2109165021975103e+00
1.9966235621649695e+00
1.4488449504959164e+00
2.0796374282348729e+00
1.5596770729145462e+00
1.7843841061207644e+00
2.0893518949944601e+00
2.0938064633627684e+00
1.4814372820668755e+00
2.0938253818725019e+00
1.2776634154268627e+00
1.1000000000000001e+00
1.9593271321285319e+00
1.9449514109607182e+00
1.7991405827637013e+00
1.7498767989416928e+00
1.8446046787982924e+00
1.4727229196772913e+00
2.0553063404312346e+00
1.9611337392730441e+00
2.0065999634512446e+00
1.9943769836911189e+00
1.4339026128109651e+00
1.1000000000000001e+00
2.0197387619242622e+00
1.8413356510076238e+00
2.0779626892052425e+00
1.8521258902472195e+00
2.0905095044988813e+00
1.6169195405447510e+00
2.0719562850149069e+00
1.9135670698965370e+00
1.2404011061806450e+00
1.6623682106825544e+00
1.1000000000000001e+00
1.2244171644356949e+00
1.3628176617063985e+00
2.0567828211564536e+00
1.4013129743920509e+00
2.0254863406535213e+00
1.8426896310963321e+00
1.3364778761139187e+00
1.8608641309672886e+00
1.8122809136864308e+00
1.1447397111136290e+00
2.0750783503705015e+00
1.8189520186413106e+00
2.0535290065122460e+00
1.8944934231464132e+00
2.0707782573683562e+00
1.8871737769033601e+00
2.0115263343251284e+00
2.0600276243334674e+00
1.2336095623053138e+00
1.4138936046156987e+00
2.0888098249084264e+00
1.7355373278206319e+00
1.3699948696993764e+00
1.8579697335891909e+00
1.8658415037659246e+00
2.0271875859003745e+00
1.1695405037868432e+00
2.0718206336471678e+00
2.0360424590580708e+00
1.1302019997613260e+00
1.9511050740451212e+00
1.9305007244633068e+00
1.5602034615679765e+00
1.1570356559000277e+00
1.5634509520553641e+00
1.8096531581976012e+00
2.0667141489049952e+00
1.5008893038419444e+00
1.1700763372222651e+00
2.0811283553447204e+00
1.7568731492385163e+00
1.9532743517808853e+00
2.0145450397738149e+00
1.7303271930509334e+00
1.5290668700622247e+00
2.0413656878103952e+00
1.2475546840202478e+00
2.0487649048944725e+00
1.7160532140333715e+00
1.9992719513262069e+00
2.0637261885961813e+00
1.4316165824446037e+00
1.8624026466281545e+00
1.9803459262942336e+00
2.0670778581472482e+00
1.2727679003164438e+00
1.4259145616228790e+00
1.5824635223952523e+00
2.0838547239211715e+00
1.6899266002224593e+00
1.9925175102100856e+00
2.0614046823455849e+00
2.0083089189706596e+00
1.1000000000000001e+00
2.0638507062612734e+00
1.5689395062135068e+00
1.2912920905487721e+00
1.2527537584849209e+00
1.1166353487351866e+00
1.7046921683481242e+00
1.5905873388249288e+00
2.0466614940564378e+00
1.8404171503251587e+00
1.1423933978956238e+00
2.0594107781688047e+00
2.0642270638593243e+00
1.5746579202455877e+00
2.0732871728101165e+00
1.6509234791785785e+00
1.4796594206975135e+00
1.5322652296084005e+00
1.9351050041017137e+00
2.0136388693188234e+00
2.0715042524472116e+00
2.0770012702963467e+00
1.3801554640817060e+00
1.6075656595550836e+00
1.1771094081680060e+00
1.8179151588199325e+00
1.8678569314404072e+00
2.0463478203522381e+00
1.7277834611297647e+00
2.0805204849131038e+00
1.4160279239474955e+00
2.0818309950665741e+00
1.7473737946862458e+00
1.6610866630657770e+00
1.1000000000000001e+00
1.9536372134686824e+00
2.0057593046676665e+00
1.7466784528283676e+00
1.4239748276929629e+00
1.1103705773045824e+00
2.0303245328604902e+00
1.9309271235086416e+00
1.7165603430726131e+00
1.9072432999962445e+00
1.7691162949450614e+00
1.2674228267692464e+00
2.0539361838013561e+00
1.8079508902154608e+00
1.8744166591058864e+00
2.0606669845386882e+00
2.0619629586568831e+00
1.7485997013478882e+00
1.7770401465519889e+00
1.6810227518165846e+00
1.2573760829459673e+00
2.0717695121394080e+00
1.1000000000000001e+00
1.5825912640572537e+00
1.3844409920091765e+00
2.0036159914394589e+00
1.1229696066724342e+00
1.4900368415645924e+00
1.5324225017009772e+00
1.9985349688021155e+00
1.4921479801969466e+00
1.8364218491042099e+00
1.6725338995498134e+00
1.1000000000000001e+00
1.1245719009893667e+00
1.3099260856779447e+00
1.8521718527001889e+00
1.7455931952074346e+00
1.3393004522060292e+00
2.0762427092038691e+00
1.1117563320896668e+00
1.4375950983066417e+00
2.0471878236859706e+00
2.0757956357257616e+00
2.0480453076585103e+00
1.6092832062823819e+00
1.6754891424123317e+00
1.9827290023298880e+00
1.3330547376589896e+00
1.6371917370459861e+00
1.9850688687533657e+00
2.0487585639749923e+00
1.1700395900526550e+00
2.0619827885196420e+00
1.8616274446548835e+00
1.8501785160723592e+00
2.0229225045146317e+00
1.1610541410962119e+00
1.5834449387528713e+00
1.5108134125796173e+00
1.9147661568830181e+00
1.5103274501832289e+00
1.9323280660280131e+00
2.0217409642426025e+00
1.7412323126188276e+00
1.4043587296154700e+00
1.5897330600306261e+00
1.8179798639567193e+00
1.9299464347577833e+00
1.2337784541850310e+00
1.8508700858607565e+00
1.7534127443664453e+00
1.6553625026397696e+00
1.6290173043152654e+00
2.0665434620264276e+00
1.1419695551807867e+00
1.5952133368880279e+00
2.0654205432519199e+00
1.3031130719661124e+00
2.0554226187450695e+00
1.4555473804372889e+00
2.0107391152384539e+00
1.1000000000000001e+00
1.1624811152299279e+00
2.0667239529627341e+00
1.6340261661381912e+00
2.0231122766719496e+00
2.0421590546892330e+00
1.1423635303205810e+00
1.5076197672826057e+00
2.0271542985337905e+00
2.0195903987636119e+00
1.2374859924990802e+00
2.0048879812075144e+00
1.6972029988032462e+00
1.6831604700404528e+00
2.0596274947745403e+00
1.7838301741319422e+00
1.3479645926437505e+00
2.0656471468039905e+00
1.3401469643023614e+00
2.0488499405036915e+00
1.6358975994376892e+00
1.4365836427661696e+00
1.5686071923548299e+00
2.0572582849896950e+00
1.5752621660482509e+00
1.8769138308768087e+00
1.7190063760966678e+00
2.0184738076855995e+00
1.7676149521076669e+00
1.8714578727324136e+00
1.1249665663396229e+00
1.9712772842462174e+00
2.0631458346747484e+00
2.0530426731126274e+00
1.5185959820951007e+00
1.7864307365466319e+00
1.3733969499493557e+00
1.9956151542356495e+00
1.5221751974797502e+00
2.0588077191496561e+00
1.5832376182773409e+00
2.0268651650901615e+00
1.6553531398841907e+00
2.0271521939511854e+00
1.4514169634900738e+00
1.8831760874427408e+00
1.6144322759247742e+00
1.9651921060597579e+00
1.8941188656219405e+00
1.3236709881008875e+00
1.1397714546379301e+00
1.1023821649463632e+00
1.1000000000000001e+00
1.7416373176761673e+00
1.9483842072245809e+00
1.8617373290208743e+00
1.2036529971751861e+00
1.6961323956669678e+00
1.2346348264772813e+00
2.0283574357351464e+00
1.4483869631984703e+00
1.9258657460496571e+00
1.7313071151660546e+00
1.8016452975714170e+00
1.9992168830065518e+00
1.7827441289142976e+00
1.6348330497518009e+00
1.1680903771252744e+00
2.0559057768385829e+00
1.9054425279027032e+00
1.8118458183260064e+00
1.9433152010509644e+00
1.1522472624779354e+00
1.1518209801662749e+00
1.1000000000000001e+00
1.1000000000000001e+00
1.2687580286448830e+00
1.7528669082208812e+00
2.0445345076466230e+00
1.9774718386625101e+00
1.9441752614322529e+00
1.1187704607992939e+00
1.7772532881691254e+00
1.9688684001723906e+00
1.6391120154692067e+00
1.6787004297113828e+00
2.0514334520180935e+00
2.0258483352540906e+00
1.6993332608926126e+00
1.8888073765291982e+00
1.5019638862584397e+00
1.9727893099397069e+00
1.8883088590385599e+00
1.8233572268177771e+00
1.7811810402371009e+00
1.4194829523328785e+00
2.0490497813501145e+00
1.6273385898832711e+00
2.0430171731687135e+00
1.1953328549659521e+00
1.6924858560032803e+00
2.0487373134352316e+00
1.6549092411488409e+00
1.3726191041103939e+00
1.1000000000000001e+00
1.7650602424705937e+00
1.9535496091693660e+00
1.7271708742853837e+00
1.2084111446597483e+00
1.7262007835815480e+00
1.2821084699494372e+00
2.0182912951915690e+00
1.5676229005639701e+00
1.4860555411761405e+00
1.7411919107520162e+00
1.9487402766562594e+00
1.6586654590641656e+00
1.9636381658196633e+00
2.0415300969945083e+00
2.0118297830741199e+00
2.0436151324267087e+00
2.0356157766534650e+00
2.0242530109213561e+00
1.6436047774754514e+00
1.9965786924545510e+00
1.1000000000000001e+00
1.9947143567989536e+00
1.5673499036031622e+00
1.5814466978725632e+00
1.5636524630322033e+00
1.5971584261617466e+00
1.2126232700817268e+00
1.6973817748389264e+00
1.8073354289131289e+00
2.0279674286119276e+00
1.2550792260413985e+00
1.5824764290946907e+00
1.2373652775561694e+00
1.5817921685929384e+00
1.5901858903682176e+00
1.5181410120021124e+00
1.4529559659578919e+00
2.0352895673443956e+00
1.7158071318764248e+00
1.8547808954349279e+00
1.8044060554011661e+00
1.3219791350012895e+00
1.5720721105632873e+00
1.3538673158483356e+00
1.9322509486609616e+00
1.9778415506526312e+00
1.9209170344785886e+00
2.0388379882699663e+00
2.0327126890572305e+00
1.9828727467405329e+00
2.0293629576779733e+00
1.1856895711247353e+00
1.4132628336049846e+00
2.0329153138158373e+00
1.4642816886509633e+00
2.0038276142027698e+00
2.0133605598868418e+00
2.0112926058709499e+00
1.8839503312495565e+00
1.7662920748787507e+00
1.9764049540159743e+00
1.5020138883408813e+00
1.6133441429211097e+00
1.9848129980327036e+00
1.9166871059688768e+00
1.9673002480127120e+00
1.7847149194146668e+00
1.1674806862477580e+00
2.0327472493290739e+00
1.4238690435898362e+00
1.8187036470452598e+00
1.4403229138168627e+00
2.0343189466102083e+00
1.4696230009813296e+00
1.1000000000000001e+00
1.6915624249250125e+00
1.3776414314529695e+00
2.0280477982922065e+00
1.5525667845741995e+00
1.7905720569576415e+00
1.2953200243877190e+00
2.0313433511385641e+00
2.0307316641106117e+00
1.8266956804621897e+00
1.3956048691046996e+00
1.7278102813818441e+00
2.0294442494997904e+00
1.5038948096401130e+00
1.5160929150957854e+00
1.9156654317237081e+00
2.0096427794355853e+00
1.1798540748599489e+00
2.0282517422797106e+00
1.9233777539693517e+00
1.8781091992912708e+00
1.3142589427429496e+00
2.0243325623393620e+00
1.9564131999475542e+00
1.6427121203903452e+00
1.1959992467567924e+00
1.7231216524006658e+00
1.9592031515877959e+00
1.1000000000000001e+00
1.1886044681912162e+00
1.8679128232850335e+00
1.1249113811075073e+00
2.0235118402078420e+00
1.1000000000000001e+00
1.9968436201730770e+00
1.3153251739863223e+00
1.8320615006201153e+00
1.8212904961726497e+00
1.9911417243635210e+00
2.0172585107013710e+00
1.7350045410662653e+00
2.0188397421034838e+00
1.9666728934739237e+00
1.1325602783618032e+00
1.8471054968922613e+00
1.3131549848771906e+00
1.5368019948614875e+00
1.9317001819130117e+00
1.6638753984184622e+00
1.9426804298510945e+00
1.2741914165216026e+00
2.0127026089600948e+00
1.9218149896131962e+00
1.3576405070071798e+00
1.9117689688270771e+00
1.9905518456565034e+00
1.2186274917197928e+00
1.8966719923818172e+00
1.6732693221223305e+00
1.3064877981928908e+00
1.2547230013274673e+00
1.1000000000000001e+00
2.0049543585644463e+00
1.9769095612612562e+00
1.8683945794161652e+00
1.3446434043650686e+00
1.9253682790403126e+00
1.9870513844658664e+00
1.9004679545210854e+00
2.0179749346406375e+00
1.5179137606646145e+00
1.3716346002809194e+00
1.2574342008985038e+00
1.4022464153219145e+00
2.0138072087662344e+00
1.5814749013025902e+00
1.1101861617115414e+00
1.9894765857473948e+00
1.5071066752156210e+00
1.9672338929386037e+00
2.0157239226714281e+00
1.7421849653442716e+00
1.1092945777449890e+00
1.2048028810585321e+00
1.8892993726380785e+00
1.7674703029113581e+00
1.1972543030846952e+00
1.2866913297564870e+00
1.9255040055843315e+00
1.1923453585988031e+00
1.2868106240004313e+00
2.0056417324348876e+00
1.9860034398802413e+00
1.3395936952189216e+00
1.1374660080513481e+00
1.9454456639335687e+00
1.9780337250216027e+00
1.8678224066053715e+00
1.8121272133734556e+00
1.9143768435385360e+00
1.7995680015930831e+00
1.3726257903714680e+00
1.7843721712732883e+00
1.7854195130527335e+00
1.3485442384784307e+00
1.1000000000000001e+00
1.3492878916834830e+00
1.1379479818234144e+00
1.9912497889607188e+00
1.6324883517517910e+00
1.9894211154797885e+00
1.7147580880222253e+00
1.1000000000000001e+00
1.6869557178393462e+00
1.9894865177483170e+00
1.3657176245330658e+00
1.9223527429203502e+00
1.6872034780913090e+00
1.7468407983512315e+00
1.5746405891417865e+00
1.3101412880699823e+00
1.9585852485601754e+00
1.9939151238397868e+00
1.9755622042575309e+00
1.8827374792113043e+00
1.6616686074957099e+00
1.9892921528567715e+00
1.7215268876269880e+00
1.6340319328177011e+00
1.4086189624465648e+00
1.1472511660371012e+00
1.9220955190504183e+00
1.6332606167945207e+00
1.8816412684624533e+00
1.5441711596942034e+00
1.1000000000000001e+00
1.2360982911919587e+00
1.1000000000000001e+00
1.2611411283989760e+00
1.9924900960115799e+00
1.9913486751093701e+00
1.2953314817433075e+00
1.8474148655996043e+00
1.8095803775715700e+00
1.1000000000000001e+00
1.7470253379130014e+00
1.9203296229647331e+00
1.4681614165860271e+00
1.9567283949005438e+00
1.7521563035031062e+00
1.1380126584124806e+00
1.9918669729956031e+00
1.7555967423063992e+00
1.9623262256515823e+00
1.5496497865502112e+00
1.5233002116859269e+00
1.7173730820817208e+00
1.1000000000000001e+00
1.1877091550636154e+00
1.8660267138555138e+00
1.3925134104304557e+00
1.9109112294404484e+00
1.9858967897370057e+00
1.1299322219315342e+00
1.9002313439808884e+00
1.9691796609784853e+00
1.6039504750197675e+00
1.8204155936398561e+00
1.6816759061752944e+00
1.9339019473399719e+00
1.7200880327601507e+00
1.4410579378837174e+00
1.8817417487890600e+00
1.7991371535292713e+00
1.9834468041641626e+00
1.1360417863450505e+00
1.8928815196186295e+00
1.9658202209335065e+00
1.3731635552807977e+00
1.6711877795693297e+00
1.9417335884237183e+00
1.9264135484248650e+00
1.4051902143030204e+00
1.7921097585327734e+00
1.5048294322658182e+00
1.9803787833591127e+00
1.7741911849628318e+00
1.7921776270149175e+00
1.4111897352632932e+00
1.8304816106596618e+00
1.9798065081866425e+00
1.9547211592684521e+00
1.1000000000000001e+00
1.5294544635294938e+00
1.6010898379419631e+00
1.9763082336905606e+00
1.7651965259613371e+00
1.7150014319982523e+00
1.8287522185680132e+00
1.2238357848940704e+00
1.8944284028417218e+00
1.2870922640655627e+00
1.3547800137931201e+00
1.9678082299612156e+00
1.9723071262022835e+00
1.8551033237740810e+00
1.8094766314748454e+00
1.7016737785486833e+00
1.7412500924192473e+00
1.9702135423091616e+00
1.5643607931424408e+00
1.9054260094416473e+00
1.8572640527267565e+00
1.9368035038571803e+00
1.6755088942125087e+00
1.8838021556790887e+00
1.4064581876752618e+00
1.1519125327583295e+00
1.7276031051250613e+00
1.9662057698118058e+00
1.9285138043299226e+00
1.7616251989518759e+00
1.9596771992049020e+00
1.4802869857145828e+00
1.6861134344086519e+00
1.8997677567838953e+00
1.8130186604306990e+00
1.7563714413727400e+00
1.9312246499711587e+00
1.4614287449574421e+00
1.4318715037213368e+00
1.7518600901366466e+00
1.8152882440664180e+00
1.3239388192234407e+00
1.6477039138896279e+00
1.7146169364675807e+00
1.9471756437555219e+00
1.3830897301958556e+00
1.8023092655303665e+00
1.9139771623608284e+00
1.9529961788385446e+00
1.2610972713917887e+00
1.7774791463449788e+00
1.7769524987925047e+00
1.4977020359925073e+00
1.9544938729814278e+00
1.9493295901861694e+00
1.5968062209113478e+00
1.8411371885710530e+00
1.3079771868365682e+00
1.4361658443553018e+00
1.7302694467254787e+00
1.2169860279829940e+00
1.9055050475857400e+00
1.6823566855670733e+00
1.8419024991860873e+00
1.8916068320220742e+00
1.1000000000000001e+00
1.9394411108606833e+00
1.9468623618792469e+00
1.1660453053502096e+00
1.8883980054019425e+00
1.1561498533093306e+00
1.3052953463051660e+00
1.7416462606633614e+00
1.8882654934201359e+00
1.4970130662550860e+00
1.6325179811583297e+00
1.9463862484559087e+00
1.7430647463092779e+00
1.5766008196586725e+00
1.8650290618127998e+00
1.6868215911353286e+00
1.7785323652880105e+00
1.8453734378734219e+00
1.6320968612723918e+00
1.5782152402778258e+00
1.7952847434113020e+00
1.5215595212680160e+00
1.5628474075313465e+00
1.9431746134016898e+00
1.7459892321899475e+00
1.1000000000000001e+00
1.9433369240363552e+00
1.1933737410106635e+00
1.6624283129265969e+00
1.7080614057621371e+00
1.5863377456770480e+00
1.2621604657983978e+00
1.1460693404605773e+00
1.6241412271647242e+00
1.6970285809391983e+00
1.4334856128939546e+00
1.6441234798303355e+00
1.2079117809023421e+00
1.6263543754736784e+00
1.6486534710049314e+00
1.1000000000000001e+00
1.9117207516929315e+00
1.8849308436758401e+00
1.4342273799066005e+00
1.8193355031311733e+00
1.4870709181914259e+00
1.9307245551885677e+00
1.8768565621294333e+00
1.8987415447260982e+00
1.9321753100195915e+00
1.8137582060199826e+00
1.9322666181235890e+00
1.8810650329810426e+00
1.5883181937252362e+00
1.9106257750755882e+00
1.8834553849477891e+00
1.4414051435531563e+00
1.7120017394603870e+00
1.4263748799408289e+00
1.9227130880197267e+00
1.7138634730301199e+00
1.4562697686847494e+00
1.5879806851195366e+00
1.7986842032792651e+00
1.7671690116249965e+00
1.5812153388208732e+00
1.9064674861140141e+00
1.7035948255435875e+00
1.1858934381612740e+00
1.6201874230272777e+00
1.2350449890162674e+00
1.9116744524103870e+00
1.5631548154660377e+00
1.8501189146508867e+00
1.8211056408449067e+00
1.7545926927401119e+00
1.4992772378820693e+00
1.1794256104275034e+00
1.9136142162038938e+00
1.9240807867212812e+00
1.1000000000000001e+00
1.4025559572328277e+00
1.6907444580098083e+00
1.9182403424940215e+00
1.9170038271068477e+00
1.7352039769698511e+00
1.8889507606199940e+00
1.4143753803121233e+00
1.7417677207977704e+00
1.5360865756300244e+00
1.9134282027502747e+00
1.8037814545730444e+00
1.1272734090018179e+00
1.7442028531751874e+00
1.2312677703609956e+00
1.4230982727408799e+00
1.9093570695097100e+00
1.4381743167835779e+00
1.8731513190145141e+00
1.8676668157299701e+00
1.8779466988042097e+00
1.8653721766563391e+00
1.8265368820887911e+00
1.1638897083137631e+00
1.6606221826596264e+00
1.3599311223454857e+00
1.5995039747689843e+00
1.8775380696188217e+00
1.4202346855179855e+00
1.2562176711885276e+00
1.2073878643416565e+00
1.1000000000000001e+00
1.1420784145658038e+00
1.5955527477772178e+00
1.7961459113933183e+00
1.8358980001054379e+00
1.5127207171541155e+00
1.1553090940823318e+00
1.6759511506136235e+00
1.6200687542424661e+00
1.5715377678513112e+00
1.1295810925326510e+00
1.8279643191708310e+00
1.8965610158043282e+00
1.2296270241015848e+00
1.6523296757393076e+00
1.8178601110760475e+00
1.7736871315922751e+00
1.6302100842157168e+00
1.8829457373143978e+00
1.6958347460780425e+00
1.4963807120584183e+00
1.6656122995972042e+00
1.5650614269292937e+00
1.8933059636158007e+00
1.7007503314632486e+00
1.5417979879739869e+00
1.6148607972531108e+00
1.8475637960017188e+00
1.8944684742900160e+00
1.2582150114775545e+00
1.5574773774134596e+00
1.8922720163446594e+00
1.8840122758940192e+00
1.7173603008989367e+00
1.8050093489402088e+00
1.2147110691894647e+00
1.8793147388727003e+00
1.1274983313702336e+00
1.8228352563299992e+00
1.5708457733434709e+00
1.5694417902159705e+00
1.6459683158572977e+00
1.7487088908664989e+00
1.7255053791110693e+00
1.1000000000000001e+00
1.7803813379879649e+00
1.2088456125046827e+00
1.3628797720613626e+00
1.6221851382247365e+00
1.8767753829031499e+00
1.2654443940381557e+00
1.1677578774250152e+00
1.8817962349361088e+00
1.5964448248957239e+00
1.7114375949125114e+00
1.5558390951336631e+00
1.6210519017811149e+00
1.1030184660105886e+00
1.4210165321280683e+00
1.1000000000000001e+00
1.8749138776950141e+00
1.1342863377362578e+00
1.8135805027852556e+00
1.8764145344461014e+00
1.7909715539059319e+00
1.1000000000000001e+00
1.1199683692675495e+00
1.2134055263252308e+00
1.4129290424743783e+00
1.5115605540375572e+00
1.8651984999490345e+00
1.1000000000000001e+00
1.3199871727475241e+00
1.7443122815394165e+00
1.1000000000000001e+00
1.8248064608588457e+00
1.8392617064832160e+00
1.4613219253367937e+00
1.3561392205488665e+00
1.3064419583179574e+00
1.8664522678626370e+00
1.6937191120319453e+00
1.6805767006722863e+00
1.6530132616654978e+00
1.7619528734172505e+00
1.7455231962890432e+00
1.2307694832062550e+00
1.8637146129995616e+00
1.4317286196945047e+00
1.5549895016849540e+00
1.1167981920304859e+00
1.5696166450015605e+00
1.8561599326705793e+00
1.1000000000000001e+00
1.5803822992691980e+00
1.7175489739129315e+00
1.1907294340525505e+00
1.3676226579585584e+00
1.1104217762810595e+00
1.8458849030821938e+00
1.3456112917815293e+00
1.8604411983825453e+00
1.2523128074670038e+00
1.7378397740439664e+00
1.1668111542976785e+00
1.8490542180219240e+00
1.8582361999672821e+00
1.7277156976118726e+00
1.7629316889704301e+00
1.5944361007103203e+00
1.7246883848500307e+00
1.7812137031819866e+00
1.8282669426415921e+00
1.8530723486241982e+00
1.5464659735619035e+00
1.3356020618434508e+00
1.1000000000000001e+00
1.8418126652517524e+00
1.1716461225602679e+00
1.6648433122912314e+00
1.1712941130520951e+00
1.1000000000000001e+00
1.2271405560064830e+00
1.1000000000000001e+00
1.3737835602244692e+00
1.1000000000000001e+00
1.5102211220617414e+00
1.8102199638130023e+00
1.2751802265077976e+00
1.7542089225593540e+00
1.6911099093478841e+00
1.1638418097450856e+00
1.1438633849624464e+00
1.1590780376101331e+00
1.1746877765605914e+00
1.6822396197276297e+00
1.1741037854756959e+00
1.7973219520896113e+00
1.1250539373609381e+00
1.7228258874947651e+00
1.8469381272475356e+00
1.7585132878384684e+00
1.6237040963699880e+00
1.8066138055143917e+00
1.4312282594464485e+00
1.3874206113067404e+00
1.8354709602121899e+00
1.3175540081277248e+00
1.5701671709324569e+00
1.8346728731909956e+00
1.5796230227816332e+00
1.4146510727780510e+00
1.8149235419230201e+00
1.1898437471039298e+00
1.8276392657674965e+00
1.3189796188147591e+00
1.8361804416641387e+00
1.5320725106544242e+00
1.1192832553331089e+00
1.3003030219943750e+00
1.6336978451616881e+00
1.6326972450321819e+00
1.8103496264079739e+00
1.1182525058144854e+00
1.3942540897812830e+00
1.1467003055164278e+00
1.3379948469839356e+00
1.1682645848380702e+00
1.8244526888265482e+00
1.8025501867022786e+00
1.7137476447174360e+00
1.8030300167471631e+00
1.8223722745821251e+00
1.8324814749256211e+00
1.5168799510660798e+00
1.1594610410918460e+00
1.3748272543872306e+00
1.8045130124588304e+00
1.8230051215880902e+00
1.3327826276709354e+00
1.7254915228519883e+00
1.1264138341167211e+00
1.8290029438318365e+00
1.8239186692202458e+00
1.5634628688134309e+00
1.1754663084751584e+00
1.8266717030017081e+00
1.7148512308424431e+00
1.4785266770073089e+00
1.6925271097389352e+00
1.5987224754577141e+00
1.1697132095944678e+00
1.6870665087070049e+00
1.8017673484272412e+00
1.1000000000000001e+00
1.1201602336782528e+00
1.3369558982397214e+00
1.8054574666689613e+00
1.1242210476749719e+00
1.6132230598589592e+00
1.1000000000000001e+00
1.1000000000000001e+00
1.1420497320851539e+00
1.3507674641915628e+00
1.1836744849140182e+00
1.1579805545889938e+00
1.6857969088784703e+00
1.1031085559418239e+00
1.3649921684389772e+00
1.4891842618984583e+00
1.4571850279653906e+00
1.6257056675052262e+00
1.8053758036077534e+00
1.7133359797552141e+00
1.7692558554460942e+00
1.8082663673388009e+00
1.5736452115505650e+00
1.7531171867312816e+00
1.6682173022399103e+00
1.4148860934138405e+00
1.1551379599951188e+00
1.7937549579483791e+00
1.1905969612174581e+00
1.5200793539472079e+00
1.7182712391357764e+00
1.7640030891304337e+00
1.2926112732593680e+00
1.7905900639755523e+00
1.2347203702501026e+00
1.7439796950923228e+00
1.4853546910391571e+00
1.7618592430305404e+00
1.6889753660662972e+00
1.7507630142887276e+00
1.6531853395763365e+00
1.7952257152505648e+00
1.7470520545797597e+00
1.7870667251632451e+00
1.7739886599567845e+00
1.3714036407706867e+00
1.7418639412375616e+00
1.6046067035033218e+00
1.5013173886216271e+00
1.1949398375938551e+00
1.7839957078422568e+00
1.6878965356798368e+00
1.4398285786579998e+00
1.6135476763036158e+00
1.7651675279298973e+00
1.4401813961739003e+00
1.7776704283941198e+00
1.1000000000000001e+00
1.3900677240692341e+00
1.6053836437221896e+00
1.7881728506825163e+00
1.7864272381615280e+00
1.1012964761214707e+00
1.1051910823184956e+00
1.7807623339170817e+00
1.7862213610857758e+00
1.6963370763450161e+00
1.6287820066731606e+00
1.7789743517947441e+00
1.2874312393668779e+00
1.5966108023323478e+00
1.6308376496810735e+00
1.3805496745337740e+00
1.2562955281740349e+00
1.1462318332052228e+00
1.7693319521694595e+00
1.7673551105402918e+00
1.5510982859214959e+00
1.5975483682467835e+00
1.7498618076091546e+00
1.3055056041605877e+00
1.6158482660327502e+00
1.7222502506809114e+00
1.3909529491025361e+00
1.4858440716720009e+00
1.5560137974316399e+00
1.1399799655698490e+00
1.3832242761775921e+00
1.5988905985522153e+00
1.3008890909831954e+00
1.7397801588719106e+00
1.7168307582767106e+00
1.5355059608226354e+00
1.5951473569487613e+00
1.6392603480122121e+00
1.3549265380195770e+00
1.7170829085328689e+00
1.7615716915257023e+00
1.7155708787343120e+00
1.6605043055855515e+00
1.7508802764644928e+00
1.3297517192017263e+00
1.2315138513642636e+00
1.3581361281994957e+00
1.5239552158450289e+00
1.7243216308738520e+00
1.1000000000000001e+00
1.7412647955961527e+00
1.4596935848575563e+00
1.7616730028906520e+00
1.7611932264207688e+00
1.6464336469896064e+00
1.4917545253307465e+00
1.6987115276483660e+00
1.3439356265940425e+00
1.1997702822973677e+00
1.2028331668746166e+00
1.6651848835962362e+00
1.7547227286304001e+00
1.5778890002891575e+00
1.6128309540781862e+00
1.5769605758079797e+00
1.3635122333854546e+00
1.6944993444066530e+00
1.6099437552195077e+00
1.1693157382281532e+00
1.2819919783829592e+00
1.7070040355156233e+00
1.7405357470526284e+00
1.4178538257199929e+00
1.3518350476261274e+00
1.7266242501959173e+00
1.3132179332137544e+00
1.1934292658800008e+00
1.1000000000000001e+00
1.1000000000000001e+00
1.5155000830405376e+00
1.7119102351769135e+00
1.7273295704762208e+00
1.7061469272941148e+00
1.5253548091736178e+00
1.3220196035836840e+00
1.4364709497568335e+00
1.2862046624329859e+00
1.7416417320373172e+00
1.4947055365449278e+00
1.4987054968495568e+00
1.7211082155272277e+00
1.7351332331187663e+00
1.4798634603045957e+00
1.6312149836802456e+00
1.6074638578733627e+00
1.5555728053957918e+00
1.1190255571410108e+00
1.1588481926962504e+00
1.3530484949607016e+00
1.6675139391031548e+00
1.5952546491009563e+00
1.5296150708382177e+00
1.7265027254305099e+00
1.4671660968850793e+00
1.7188454292897695e+00
1.3105152017042720e+00
1.6156036347379343e+00
1.7097793629665570e+00
1.3552981330760101e+00
1.6837520300301050e+00
1.3731530394553246e+00
1.5481766786762792e+00
1.5224522993658312e+00
1.6406567243561168e+00
1.5817256446910295e+00
1.6672378718742413e+00
1.6248465164941905e+00
1.6864037738039446e+00
1.6872469467253872e+00
1.1697557791293760e+00
1.3115201464426554e+00
1.5536021973129848e+00
1.5534110795360572e+00
1.2439288239877333e+00
1.1575768991756845e+00
1.5764095132852545e+00
1.6044596064340724e+00
1.6759511535178420e+00
1.5989700120234251e+00
1.3544129481706679e+00
1.6390267019794678e+00
1.7130684912283805e+00
1.3987352112633795e+00
1.6996540613878106e+00
1.3678498358658426e+00
1.3210141946281322e+00
1.7072675805054420e+00
1.6478788243945350e+00
1.6297690806780620e+00
1.4408425647084258e+00
1.3808131428153188e+00
1.3630441809044525e+00
1.6768128983071557e+00
1.2137131926364506e+00
1.3172623556391407e+00
1.5269023089813016e+00
1.6380496788069130e+00
1.1419158165701253e+00
1.6191910344871780e+00
1.6836710033997173e+00
1.6597674701905234e+00
1.7022192332804926e+00
1.6761425749563816e+00
1.1512392211185083e+00
1.1434185823221694e+00
1.6991612582342519e+00
1.3382665202574873e+00
1.5023201992608515e+00
1.6315963726527418e+00
1.6986844516003576e+00
1.6825114317299179e+00
1.6359900364084483e+00
1.1000000000000001e+00
1.5756864289336932e+00
1.3444287491085734e+00
1.6479946302733866e+00
1.2002565948448622e+00
1.2311081390025116e+00
1.2750188120158561e+00
1.4752555387171968e+00
1.2630008028965918e+00
1.5008350644427420e+00
1.6454151549422831e+00
1.4702252612583306e+00
1.1977355294539058e+00
1.5243415601533130e+00
1.3996825583644916e+00
1.2341467281412344e+00
1.4481045094660057e+00
1.1949480681933244e+00
1.6122550021506221e+00
1.5912212952884786e+00
1.1450315379965206e+00
1.4184910154375414e+00
1.5347728339499800e+00
1.2670420053314946e+00
1.5618373800707679e+00
1.3583651373046752e+00
1.5240736087038482e+00
1.6754553876168714e+00
1.6491830557635794e+00
1.1290463444963030e+00
1.6551682305397453e+00
1.6230523615959460e+00
1.6076089629784041e+00
1.3795625756708236e+00
1.6705868630403475e+00
1.5726869757882833e+00
1.3451515010865827e+00
1.2747769805151221e+00
1.6421402334301043e+00
1.6438848075468369e+00
1.2355696325873293e+00
1.6586433180636901e+00
1.4117438390452910e+00
1.6628528955856601e+00
1.4438910256228032e+00
1.4547348427318869e+00
1.5593156416662983e+00
1.5633602023510007e+00
1.1628279740308043e+00
1.4753445425041314e+00
1.6014902006277412e+00
1.6630357199244723e+00
1.2945448880664796e+00
1.2520076129257347e+00
1.6084412753170034e+00
1.1448214701405952e+00
1.3022979843075440e+00
1.4533613529196225e+00
1.6545662115344912e+00
1.1217465146233356e+00
1.5625218850573910e+00
1.4746539496050619e+00
1.3294672709480104e+00
1.1419275881458228e+00
1.6461144954793152e+00
1.3674746850440536e+00
1.6506325021645178e+00
1.6467871454813228e+00
1.6466705862273310e+00
1.6421313486469775e+00
1.4352636719907852e+00
1.6099395274050763e+00
1.6195809105223646e+00
1.1567745078185094e+00
1.2289137140380033e+00
1.1000000000000001e+00
1.2870909045126906e+00
1.6304874196264754e+00
1.5191781645863840e+00
1.5752423664242299e+00
1.5026100519244965e+00
1.6305086424202080e+00
1.1178243984279908e+00
1.2435986826291934e+00
1.5755724383507383e+00
1.6221141550556353e+00
1.6236963547974659e+00
1.4040891460743730e+00
1.5466004416197334e+00
1.6345926120251875e+00
1.1543896142982228e+00
1.4316840325608067e+00
1.4238626678940491e+00
1.5751113744628940e+00
1.2529846774171780e+00
1.5591713286911515e+00
1.2192590473313318e+00
1.2815141510071109e+00
1.1121371400605387e+00
1.3877032725786678e+00
1.3666430866646380e+00
1.2604613520349939e+00
1.4648331034926929e+00
1.3174106107031867e+00
1.2886347503023776e+00
1.5154702185193152e+00
1.3258415085337361e+00
1.6185225627639788e+00
1.5964677183046287e+00
1.1509951664485703e+00
1.4259818061875740e+00
1.1000000000000001e+00
1.4801878238368984e+00
1.6069184052194356e+00
1.2137731468534632e+00
1.4319886361670393e+00
1.5495541413819163e+00
1.5228855675634603e+00
1.1998488312561104e+00
1.5855779750168515e+00
1.5636899166147573e+00
1.5908550714030296e+00
1.2649875409005724e+00
1.6070203816168189e+00
1.2877917457636909e+00
1.3968116333162031e+00
1.4964657120708504e+00
1.3776101492599597e+00
1.1450244187595997e+00
1.5817654439918343e+00
1.4276024810797248e+00
1.1992489242108704e+00
1.1561890296231565e+00
1.1000000000000001e+00
1.5715731793443413e+00
1.3294218279958869e+00
1.5377824368220061e+00
1.4744799903013843e+00
1.3323560207269498e+00
1.5307872096931954e+00
1.5004050908107902e+00
1.5369107236497677e+00
1.4147043819415810e+00
1.1331180854048546e+00
1.4591778802546778e+00
1.1277468557401418e+00
1.3891048289850791e+00
1.4289826835817183e+00
1.1532749916560205e+00
1.4942407830010538e+00
1.2791899970619909e+00
1.3729449778633729e+00
1.4065402700550678e+00
1.4236665696805264e+00
1.5909367133359509e+00
1.1275075631083395e+00
1.1838727067944728e+00
1.5471861453639617e+00
1.5669614784438448e+00
1.2884075404061945e+00
1.5270228919256388e+00
1.5545727362097086e+00
1.5847261267285451e+00
1.4471038572745294e+00
1.5606047849561719e+00
1.4469421113642094e+00
1.5676967091256810e+00
1.5713985307828624e+00
1.1000000000000001e+00
1.5785130965659238e+00
1.1055983460368470e+00
1.4921434426398201e+00
1.5045163086894364e+00
1.5498774344883472e+00
1.4695112970775388e+00
1.5760667170857674e+00
1.1027554974227884e+00
1.5151528905812921e+00
1.5591954497729745e+00
1.5778306604338770e+00
1.4401187615219395e+00
1.4694142566041255e+00
1.5236328889590389e+00
1.3668514546941464e+00
1.1964764328172950e+00
1.1045352387448908e+00
1.2955330287258577e+00
1.1000000000000001e+00
1.5305224145165865e+00
1.5265683267464683e+00
1.1615209040012311e+00
1.4633749876686721e+00
1.4777709056546318e+00
1.5507241895160542e+00
1.2334897132459728e+00
1.1157860225478542e+00
1.4841668067044784e+00
1.5463508513773878e+00
1.2455338464262906e+00
1.5545351574744297e+00
1.3696405935205016e+00
1.5081176527810389e+00
1.1425796896919209e+00
1.4792776496003530e+00
1.1623928689461336e+00
1.3944431102436596e+00
1.5507528795590007e+00
1.1847711269374486e+00
1.2778336780200601e+00
1.4015695328596305e+00
1.5156601684438842e+00
1.2619825361712735e+00
1.5362622198106450e+00
1.3591428388166538e+00
1.4886185172950137e+00
1.5442838427864722e+00
1.2824426574086569e+00
1.5335557973878537e+00
1.3963605219107837e+00
1.5154767360238264e+00
1.1000000000000001e+00
1.5504772632700434e+00
1.1239403143461408e+00
1.5492216236940042e+00
1.4935930317298107e+00
1.4479759235715868e+00
1.4919967913633072e+00
1.5398558229705164e+00
1.5339619006878218e+00
1.3514317102509659e+00
1.3616850237733773e+00
1.5281233613943586e+00
1.2774997336787468e+00
1.5340884586141239e+00
1.2322827036519364e+00
1.1461673728974713e+00
1.5158605674222727e+00
1.3723281245699244e+00
1.5092958871434163e+00
1.1125070805342125e+00
1.4401937333202093e+00
1.2036956349878714e+00
1.4217930501636751e+00
1.1938176158105165e+00
1.3792009771080067e+00
1.4431833061407142e+00
1.3495854561275367e+00
1.4587429220821027e+00
1.2109971070835552e+00
1.3956593306215859e+00
1.1667599590485553e+00
1.5249525506852941e+00
1.2499811895482638e+00
1.2705783009924605e+00
1.5120978699803742e+00
1.1236355242978193e+00
1.5257358116436817e+00
1.3991979721005103e+00
1.4767665045443781e+00
1.5247870901413958e+00
1.1608464483764982e+00
1.5089143981808828e+00
1.5191867952010121e+00
1.1268215179196071e+00
1.4706369326124489e+00
1.4788228292314627e+00
1.3443326397526876e+00
1.3714452024667685e+00
1.2992002296005398e+00
1.3366202548669821e+00
1.1000000000000001e+00
1.1263941422517214e+00
1.3071599682550901e+00
1.5160100128428833e+00
1.3152540644330217e+00
1.5117963125199108e+00
1.4794650413170185e+00
1.3004934365109286e+00
1.4494003061584866e+00
1.3382885783583289e+00
1.4216047449991149e+00
1.4399696187054067e+00
1.4134608907171500e+00
1.2179791128179298e+00
1.5000697759001744e+00
1.4852669930325419e+00
1.4802292074945664e+00
1.4305078447356092e+00
1.3956812115609585e+00
1.4988033940537377e+00
1.4124890496816238e+00
1.1802373817242529e+00
1.3478169798168409e+00
1.2369089357702410e+00
1.1000000000000001e+00
1.1000000000000001e+00
1.3368808640103380e+00
1.4526177554200288e+00
1.4471808070067858e+00
1.4362348843600412e+00
1.2064187443610745e+00
1.4749109042251616e+00
1.1279026804721506e+00
1.1000000000000001e+00
1.1422880846699444e+00
1.4923931387060447e+00
1.4598980727091699e+00
1.1812677581844930e+00
1.1349718841327812e+00
1.4458660959034360e+00
1.2025972706190777e+00
1.4902104476615421e+00
1.1716547681283076e+00
1.1836111268183158e+00
1.4857540791354151e+00
1.2704512155305339e+00
1.4873693736859765e+00
1.3359800982334085e+00
1.2698594765219602e+00
1.4530647882540109e+00
1.2812934160081515e+00
1.3782977906358798e+00
1.3270199950812629e+00
1.4854967954420499e+00
1.4742438489983636e+00
1.1067849004289423e+00
1.3110843846128133e+00
1.2417847411562331e+00
1.4250069165711545e+00
1.2973674930904684e+00
1.4843417606166820e+00
1.1316838714531938e+00
1.3924857194076574e+00
1.4595161525669549e+00
1.1752105479533113e+00
1.3444333548555658e+00
1.2425941487708954e+00
1.2174899613751786e+00
1.2016894988440281e+00
1.1434733611291710e+00
1.2106847695861434e+00
1.1000000000000001e+00
1.4774681800758012e+00
1.2101987877121465e+00
1.4727776872523357e+00
1.4707807060134890e+00
1.4617435545890980e+00
1.2143647009745806e+00
1.2635694307541563e+00
1.2123329508466529e+00
1.2494979691247143e+00
1.2808334477301522e+00
1.2436273141136927e+00
1.1211272138061732e+00
1.4559140114226725e+00
1.2784157634884787e+00
1.3743436217614919e+00
1.1000000000000001e+00
1.4533302940119024e+00
1.2543380794109718e+00
1.4626215868608541e+00
1.4658191929519346e+00
1.3359661119639932e+00
1.1859017474278322e+00
1.3911841731528407e+00
1.2618229280878406e+00
1.3650040728537398e+00
1.4340286904402704e+00
1.3597714792905011e+00
1.3396575625114382e+00
1.1814287827113930e+00
1.1370498643227449e+00
1.3513696067057881e+00
1.4387684918653043e+00
1.1655200294446240e+00
1.1909761559054961e+00
1.1000000000000001e+00
1.2034766613327030e+00
1.4125914977820464e+00
1.4321629503449937e+00
1.3116368562938119e+00
1.4516504381318382e+00
1.2206953959512734e+00
1.3349624471237735e+00
1.4339523093250484e+00
1.3749588894980906e+00
1.3806707612581914e+00
1.4439891484581298e+00
1.3165193914468074e+00
1.3890200142005289e+00
1.3837016636725297e+00
1.4264157382764302e+00
1.1560811559978901e+00
1.3894792771167164e+00
1.2453260642918598e+00
1.1782621829723476e+00
1.1357885328849286e+00
1.4073502253025469e+00
1.3226482940370563e+00
1.4212168455449503e+00
1.4124025861045311e+00
1.1026463937289395e+00
1.3846091433706622e+00
1.3766475817047241e+00
1.1149368246337563e+00
1.4041985606160821e+00
1.4331309758266029e+00
1.2138548659766499e+00
1.2268093665261179e+00
1.3662199680603857e+00
1.3477046844556622e+00
1.4043815774912360e+00
1.1342944306333986e+00
1.4000263802381072e+00
1.2774283710056022e+00
1.3479116963337165e+00
1.4213386406720849e+00
1.3697272426602500e+00
1.3536163336058815e+00
1.3511493318978582e+00
1.3131844099994212e+00
1.3418832612496556e+00
1.3769250286237000e+00
1.1597929441099153e+00
1.4178351477061211e+00
1.4203898321005477e+00
1.1882347941842029e+00
1.1334928214903424e+00
1.4150301951912774e+00
1.3793173110368688e+00
1.1044960040420688e+00
1.3670095705099592e+00
1.2541162878001548e+00
1.2651080184885533e+00
1.4147589038628197e+00
1.1934987324833117e+00
1.3651339357977557e+00
1.4112497147574319e+00
1.1466023669387024e+00
1.1000000000000001e+00
1.3741212500951940e+00
1.2777829652247015e+00
1.3480621430761925e+00
1.3647826553225786e+00
1.1624630308547577e+00
1.3941659495491756e+00
1.3600525795308980e+00
1.3306732078589074e+00
1.3953979137369341e+00
1.3792778716276592e+00
1.3892045401090356e+00
1.3944490532520188e+00
1.3492393580902218e+00
1.3324512873363004e+00
1.2337140484768427e+00
1.3863362375870181e+00
1.3908387653181711e+00
1.2553114013721780e+00
1.2413053265450742e+00
1.3804242329675012e+00
1.3558265474262399e+00
1.2683071489796727e+00
1.3745189353087621e+00
1.2682672963029007e+00
1.3859740078621645e+00
1.1528024072292551e+00
1.3583467495070896e+00
1.2876875202417908e+00
1.2219546121551810e+00
1.1851702734083800e+00
1.2298717959992587e+00
1.3431161881421094e+00
1.1000000000000001e+00
1.3394559322404604e+00
1.3449245235762721e+00
1.3207887559221305e+00
1.1688828705871561e+00
1.1192236354332497e+00
1.2993857509481626e+00
1.2869819937105595e+00
1.3483893312814987e+00
1.3655176028216289e+00
1.2155726304343675e+00
1.2955693975907883e+00
1.3400609464617563e+00
1.1290676546183736e+00
1.2934965294206693e+00
1.3669883453449791e+00
1.3059601333601389e+00
1.3108957924596758e+00
1.3108881620868624e+00
1.3434526802191038e+00
1.3037459221129579e+00
1.2106734999020667e+00
1.3236473021080994e+00
1.2209765533779324e+00
1.2721431732686692e+00
1.1000000000000001e+00
1.3588654775974911e+00
1.3153062868129179e+00
1.3119352008471896e+00
1.1149592095013650e+00
1.3253633162041416e+00
1.1000000000000001e+00
1.3487141295360046e+00
1.2407815112637341e+00
1.3524577863020530e+00
1.3487642974410334e+00
1.2822039949481947e+00
1.1349381906221747e+00
1.2707490602845264e+00
1.1447703321846905e+00
1.2480569797448910e+00
1.1386835343102866e+00
1.3106072815344256e+00
1.2548064609423277e+00
1.3292731485806537e+00
1.3462592156407687e+00
1.2996627374400489e+00
1.3445273916789322e+00
1.3363644053585153e+00
1.2965129563686042e+00
1.3408517771442423e+00
1.3324482285806392e+00
1.2757391450750846e+00
1.3375225239710469e+00
1.2979413969651397e+00
1.3224016255488735e+00
1.3189030535779531e+00
1.3111371029302288e+00
1.3324578677408558e+00
1.3019165925392651e+00
1.2628728011190642e+00
1.3022357150562243e+00
1.3297445652957220e+00
1.1160976173572243e+00
1.1000000000000001e+00
1.3130711358360176e+00
1.2681302613079568e+00
1.3091747807217662e+00
1.1180586095525495e+00
1.1131407224726977e+00
1.1000000000000001e+00
1.2864136836673088e+00
1.3209113477042678e+00
1.3057987742809054e+00
1.2225996959524403e+00
1.1885665944650561e+00
1.1528900261760144e+00
1.2610226620933771e+00
1.1248341536206039e+00
1.2780519381976208e+00
1.1165960583178385e+00
1.3063675116714735e+00
1.3082020742363349e+00
1.1156691132158714e+00
1.2590060845072775e+00
1.2502598244499057e+00
1.2334899151129322e+00
1.2358806058074339e+00
1.2204219045656108e+00
1.3003961380841118e+00
1.1442196455001548e+00
1.2995522002040047e+00
1.1582146883559641e+00
1.2674782984336359e+00
1.2685878469457459e+00
1.2254930923722811e+00
1.2750785846621269e+00
1.1727042184508645e+00
1.1987869239096862e+00
1.2817162021332684e+00
1.2954280510888267e+00
1.2875366486126087e+00
1.1749400994007657e+00
1.1174206966252878e+00
1.2719112434290698e+00
1.2248354941590345e+00
1.2911055133573974e+00
1.2914563417235985e+00
1.2563368778400679e+00
1.1117832737152678e+00
1.2689376115968907e+00
1.2417060573322505e+00
1.2858323432448782e+00
1.2745568664162099e+00
1.2716761103546341e+00
1.2305212245297961e+00
1.2834665825428637e+00
1.1666466379050835e+00
1.2739049425030884e+00
1.2826289474251922e+00
1.1661198418211636e+00
1.1000000000000001e+00
1.1294542827226939e+00
1.2496723467590729e+00
1.2751811436471268e+00
1.2404973651289197e+00
1.2596844597253822e+00
1.2530369578834728e+00
1.2076357211430284e+00
1.2394069794797513e+00
1.1000000000000001e+00
1.2551381835355309e+00
1.2556228303102628e+00
1.2650619660503606e+00
1.2660729108322042e+00
1.2668548056565276e+00
1.1023766996853168e+00
1.2413036331048295e+00
1.1556113731804583e+00
1.1440937319875015e+00
1.2509931994056194e+00
1.2622447128850476e+00
1.2419996264849456e+00
1.1864856144676312e+00
1.2433160971845179e+00
1.1724875443758436e+00
1.1221860566044228e+00
1.2334521087951056e+00
1.2230122025697256e+00
1.1250695265677391e+00
1.1054498243311779e+00
1.1483095058017374e+00
1.1562336121690442e+00
1.1425111052306183e+00
1.2479360952955929e+00
1.1252490640369386e+00
1.2270149336652054e+00
1.2051350423461520e+00
1.1086903192624886e+00
1.1576336522509572e+00
1.2183977595828732e+00
1.1308351390970457e+00
1.2379332927810474e+00
1.1000000000000001e+00
1.1617992920336042e+00
1.1589199215653547e+00
1.2336614337010234e+00
1.1477984625028195e+00
1.1043599838687059e+00
1.1893596252946981e+00
1.1639074625079893e+00
1.2268653312445470e+00
1.2154236281513164e+00
1.2145041826847203e+00
1.1143842227669480e+00
1.1000000000000001e+00
1.2281876486765646e+00
1.1022261176817332e+00
1.2020670436500587e+00
1.1049183716392448e+00
1.2339689854178599e+00
1.2322285705646194e+00
1.1093179206704855e+00
1.2268829635772784e+00
1.1537072413476790e+00
1.1767623177249891e+00
1.1791400802300243e+00
1.1629764377186336e+00
1.1000000000000001e+00
1.1533176629183559e+00
1.2130868436586373e+00
1.1000000000000001e+00
1.1000000000000001e+00
1.1000000000000001e+00
1.1036954684523066e+00
1.1203498782664236e+00
1.1124262777245473e+00
1.1991206795236573e+00
1.1700752922339823e+00
1.1893995889617592e+00
1.2116949683729232e+00
1.1281323835655381e+00
1.2145951712172223e+00
1.2157340801922505e+00
1.1440151803210830e+00
1.1433509553002370e+00
1.2084400769458499e+00
1.1870699118567123e+00
1.1278963472157026e+00
1.2101833250998368e+00
1.1412293571904366e+00
1.1893068109304985e+00
1.2071836351088028e+00
1.1744438190021214e+00
1.2066530709710777e+00
1.1071561384301583e+00
1.1962255961045807e+00
1.1000000000000001e+00
1.1687471786440888e+00
1.1465529422449310e+00
1.1664066886757796e+00
1.1443871584556387e+00
1.1650984727381024e+00
1.1976063594409463e+00
1.1713111465155019e+00
1.1192407825142174e+00
