1.1000000000000001e+00
1.1000000000000001e+00
1.1000000000000001e+00
1.1000000000000001e+00
1.1000000000000001e+00
1.1413313283684503e+00
1.1000000000000001e+00
1.1000000000000001e+00
1.1721129399202459e+00
1.1000000000000001e+00
1.1000000000000001e+00
1.1464629608625483e+00
1.1000000000000001e+00
1.1000000000000001e+00
1.1000000000000001e+00
1.1000000000000001e+00
1.1000000000000001e+00
1.1000000000000001e+00
1.1000000000000001e+00
1.1124505280081676e+00
1.1000000000000001e+00
1.1000000000000001e+00
1.1000000000000001e+00
1.1000000000000001e+00
1.1208151858375959e+00
1.1000000000000001e+00
1.1000000000000001e+00
1.1000000000000001e+00
1.1000000000000001e+00
1.1000000000000001e+00
1.1000000000000001e+00
1.1000000000000001e+00
1.1000000000000001e+00
1.1000000000000001e+00
1.1000000000000001e+00
1.1000000000000001e+00
1.1152982443442099e+00
1.1155738627849647e+00
1.1171675841477950e+00
1.1197596615767924e+00
1.1227656540178110e+00
1.1000000000000001e+00
1.1339383653698176e+00
1.1266429021055109e+00
1.1167351749131071e+00
1.1052470018869027e+00
1.1035280015268278e+00
1.1260897571996658e+00
1.1139063051412235e+00
1.1708304093789623e+00
1.1762114515980346e+00
1.1778007104039634e+00
1.1482424018769364e+00
1.1812623556377204e+00
1.1804405895186063e+00
1.1259758028006313e+00
1.1861018560229506e+00
1.1905150837814125e+00
1.1842110687772049e+00
1.1677015337885415e+00
1.1041425380870624e+00
1.0982545413649989e+00
1.1291005655302175e+00
1.2107674949518050e+00
1.1846925902801215e+00
1.2162909726372124e+00
1.2231325772669690e+00
1.2125122023990480e+00
1.2307230435370480e+00
1.2128200718113511e+00
1.1594171351910267e+00
1.2419138269893715e+00
1.2413451027247588e+00
1.2438343398816407e+00
1.1872635536467731e+00
1.2527036277197103e+00
1.2346285255312919e+00
1.2265380464065736e+00
1.1093490751146708e+00
1.2025121681170114e+00
1.2595306960035706e+00
1.2053092216168582e+00
1.2053580144645935e+00
1.2692918956852108e+00
1.2769313810284115e+00
1.2749306201598867e+00
1.2760936066260058e+00
1.2425809218390660e+00
1.1859056892168012e+00
1.2855908401597862e+00
1.1171154521217603e+00
1.1046511836134230e+00
1.2674907179472865e+00
1.2782374981307718e+00
1.2896114965321930e+00
1.2936326224728361e+00
1.2949449711145489e+00
1.1000000000000001e+00
1.1161171469848892e+00
1.1409631547642944e+00
1.2784687150688550e+00
1.2509823291770794e+00
1.1934797503882317e+00
1.1951861649222997e+00
1.1000000000000001e+00
1.1647101784466816e+00
1.1718002482439112e+00
1.3336712997386417e+00
1.2623789808578791e+00
1.3356481633216455e+00
1.3370887057087861e+00
1.2829554187164616e+00
1.2640598712741182e+00
1.2108179166477995e+00
1.2095937452370578e+00
1.2895319140486055e+00
1.3479664016685071e+00
1.1184516722248534e+00
1.1000000000000001e+00
1.3581140748690810e+00
1.1010677259262234e+00
1.3839529758206557e+00
1.1824378772897677e+00
1.3856308042181886e+00
1.2080950284971581e+00
1.1443795746231671e+00
1.3546245852675749e+00
1.1585292726694154e+00
1.3956453787201752e+00
1.4101206109706983e+00
1.2836491607996592e+00
1.4109610774020747e+00
1.2312147862038649e+00
1.2327101666052904e+00
1.3880434390877103e+00
1.2308101140331327e+00
1.2412181932245674e+00
1.2323379665591345e+00
1.3348629722112799e+00
1.4226776788202893e+00
1.4333489296858535e+00
1.1571782312555023e+00
1.4148743697695236e+00
1.2765421458687971e+00
1.3944472374036490e+00
1.4664653206719596e+00
1.3158538562541708e+00
1.3911548799615860e+00
1.3331385525683348e+00
1.1187976276721043e+00
1.2893109443105055e+00
1.4836768037881405e+00
1.3921794255623468e+00
1.4899670890580927e+00
1.4896647385945849e+00
1.2291737142068691e+00
1.1000000000000001e+00
1.3179306948624525e+00
1.2816867206246405e+00
1.4765757511805440e+00
1.1154003396832377e+00
1.4468038011577595e+00
1.1540974290966493e+00
1.5077504002897395e+00
1.3210433164693889e+00
1.4743688167803675e+00
1.3056757447552754e+00
1.3860399284123708e+00
1.3357811658513561e+00
1.3748142990612278e+00
1.2262214790815662e+00
1.2550619032344243e+00
1.5168175298413906e+00
1.4613213993078231e+00
1.1728611285973416e+00
1.3548879418121729e+00
1.4054062697466838e+00
1.4314827322416381e+00
1.1000000000000001e+00
1.2797764227821018e+00
1.5501680575095440e+00
1.5571387799532777e+00
1.5049887698495947e+00
1.5383825811167182e+00
1.5325095796414336e+00
1.5574450313412123e+00
1.3827194854617213e+00
1.3519308620265125e+00
1.3639535724634766e+00
1.3190916359421472e+00
1.2832895326097413e+00
1.3843707963123053e+00
1.1671291272988611e+00
1.3839500484653666e+00
1.5823249192953961e+00
1.5150180727689690e+00
1.5638635525763613e+00
1.3049474972468382e+00
1.5880475721695613e+00
1.5339548757244965e+00
1.5742491995491594e+00
1.3872615736168430e+00
1.1932863809394947e+00
1.1000000000000001e+00
1.6147544654573593e+00
1.1065143615714488e+00
1.1855115790580899e+00
1.6156222481116238e+00
1.1982061861483280e+00
1.0991050906138382e+00
1.5873861657467085e+00
1.2695216245186580e+00
1.1115471593451118e+00
1.5678015469979674e+00
1.6149710324402491e+00
1.3227796084995109e+00
1.4501762018435027e+00
1.6429122097164894e+00
1.6138824061998323e+00
1.1000000000000001e+00
1.6400951734672393e+00
1.6289313583806559e+00
1.6568541617756611e+00
1.3599147890644581e+00
1.4457756687338565e+00
1.6300406689925591e+00
1.5753809047377714e+00
1.2473739731015125e+00
1.6273096459919820e+00
1.6656950213903305e+00
1.6707724336123211e+00
1.3873225977279131e+00
1.6807633168478198e+00
1.4922351099180902e+00
1.3536883297607589e+00
1.3502913112185981e+00
1.6255226191548628e+00
1.3432613471129102e+00
1.6888719821270626e+00
1.6849662398043621e+00
1.2720423178224072e+00
1.3987927010302814e+00
1.7004841186604140e+00
1.2469814219678348e+00
1.2583265867754698e+00
1.4392725385095069e+00
1.7102011415228322e+00
1.7120557586339264e+00
1.1000000000000001e+00
1.4997090927911851e+00
1.4296336744422911e+00
1.4850964807126938e+00
1.4916617093980395e+00
1.6773104602304045e+00
1.7372545469442375e+00
1.7296292674579665e+00
1.6967214666107417e+00
1.2406895659343657e+00
1.4644848463034006e+00
1.7025576105553508e+00
1.5228295831347849e+00
1.1266434560932004e+00
1.3581723466354498e+00
1.6381837640472563e+00
1.6614186982656278e+00
1.1810771385191541e+00
1.7427997905214878e+00
1.3572931845016760e+00
1.1914803071897342e+00
1.5760736238858717e+00
1.7353075272271778e+00
1.5640761960624670e+00
1.1000000000000001e+00
1.7610524371150886e+00
1.1000000000000001e+00
1.6819964222279293e+00
1.6920141683412897e+00
1.2322661501312340e+00
1.7618502147704636e+00
1.4434904558555244e+00
1.7881959796112259e+00
1.1000000000000001e+00
1.1770871856473302e+00
1.6333149978433568e+00
1.6775754813825492e+00
1.3973065356381273e+00
1.6643142714108461e+00
1.4879276724632937e+00
1.7870960361351389e+00
1.4297157512134249e+00
1.6007011664112043e+00
1.6211751820606852e+00
1.8129550175408102e+00
1.7156859828788851e+00
1.1000000000000001e+00
1.7845291471344868e+00
1.3420987489526319e+00
1.7591939681152169e+00
1.8112716585679067e+00
1.6805269240813743e+00
1.5907876277029747e+00
1.8287198561959037e+00
1.7316621067193632e+00
1.6902144530267007e+00
1.7577358779084991e+00
1.1666314898169985e+00
1.7917670789962907e+00
1.8230231111611721e+00
1.6371478014172356e+00
1.7234676745584658e+00
1.5844925705773687e+00
1.6213050189996003e+00
1.3559437454922008e+00
1.5927977402067393e+00
1.7529404212554489e+00
1.7953509609069724e+00
1.8133956873852286e+00
1.1245963465418614e+00
1.1684603574598138e+00
1.8713389714413169e+00
1.2491164798279626e+00
1.8614433918513564e+00
1.7559401028853876e+00
1.3198896521681387e+00
1.4554441425373092e+00
1.6166530806942576e+00
1.8289028450932681e+00
1.8639414262712861e+00
1.1000000000000001e+00
1.7482072734095373e+00
1.3212369973323199e+00
1.8910834124289924e+00
1.8252483650576541e+00
1.7730555007926945e+00
1.5837850792316601e+00
1.6623011048518566e+00
1.1000000000000001e+00
1.1895887370212110e+00
1.8899820478864060e+00
1.8903702102877229e+00
1.8466183088056911e+00
1.6173176849407112e+00
1.8710203067280096e+00
1.8976050230779637e+00
1.7422767872042615e+00
1.3961183709598688e+00
1.1218231825312108e+00
1.8718788206543866e+00
1.5642951810472949e+00
1.5220770506872521e+00
1.7235433687387018e+00
1.8898513318018890e+00
1.5973495829732538e+00
1.8556759522072330e+00
1.1000000000000001e+00
1.9125387732062609e+00
1.9111829161491429e+00
1.8351813098139036e+00
1.8300275478240635e+00
1.8486401812352757e+00
1.5730294402644884e+00
1.9073628623532770e+00
1.5365941211019194e+00
1.1000000000000001e+00
1.8510051181052454e+00
1.6386361824232909e+00
1.2235540219340193e+00
1.8930521545652546e+00
1.2935119880330657e+00
1.8755434863869158e+00
1.8852283293632166e+00
1.1000000000000001e+00
1.4412173107556328e+00
1.1340665961361807e+00
1.6288916176447985e+00
1.7189348782962077e+00
1.3925503772806858e+00
1.9234335667469986e+00
1.6751999862904858e+00
1.1517651214620392e+00
1.1000000000000001e+00
1.5124250458011756e+00
1.6553164756183714e+00
1.6869862676356409e+00
1.6746131665894100e+00
1.9412232157628764e+00
1.8157015568347925e+00
1.8371430080630915e+00
1.9287821835882808e+00
1.7269635119500162e+00
1.1000000000000001e+00
1.3250545924645483e+00
1.1348158836845803e+00
1.6264968372837563e+00
1.9795736976880207e+00
1.6065239731402381e+00
1.6841624883723463e+00
1.7075438454451999e+00
1.1824777061171108e+00
1.9121696110587558e+00
1.8327973640233937e+00
1.9680606450106923e+00
1.1363989193322264e+00
1.9236906131444196e+00
1.9301563216263240e+00
1.9931643761078839e+00
1.1000000000000001e+00
1.2414154563696820e+00
1.5425079894447309e+00
1.5320374887233881e+00
1.9320583892186798e+00
1.9865448227360214e+00
1.9364598096150103e+00
1.8422438041955553e+00
1.2091923283806461e+00
1.9383442393269763e+00
1.5746967859116292e+00
1.7780516654853387e+00
1.3004599025793673e+00
1.8912289724499793e+00
1.1000000000000001e+00
2.0021987768773695e+00
1.7832006852358775e+00
1.3050747608373188e+00
2.0140014957522925e+00
1.1000000000000001e+00
1.1000000000000001e+00
1.9869711825056526e+00
2.0033767761497039e+00
1.3852687161751316e+00
1.4130233881905006e+00
1.9914739097504861e+00
1.9803086520020934e+00
1.1208538120788929e+00
1.6582632589857913e+00
1.7811846014545620e+00
1.9766771015707709e+00
1.8687490138909297e+00
1.6707695688344948e+00
1.8685731773747096e+00
1.3060807061241626e+00
1.6833230536193371e+00
1.8923803769873693e+00
1.1420648477947435e+00
1.6524741539396788e+00
1.9074435772794236e+00
2.0229849564806406e+00
1.8550765981389583e+00
1.1797049697237096e+00
1.8435635423364303e+00
2.0400070878215373e+00
1.1000000000000001e+00
1.9950280185586613e+00
1.8754851423470242e+00
1.3717287538885767e+00
1.8883697306858327e+00
1.9331640665468588e+00
2.0368551831300352e+00
1.1746266441401039e+00
2.0232517994074604e+00
1.8246238988646957e+00
1.1736258822646692e+00
1.6988810665645713e+00
1.2741157214299972e+00
1.7469909160638675e+00
1.3412656394527041e+00
1.1220671904790755e+00
1.9844371420664317e+00
1.1056658465500824e+00
1.3539558853902720e+00
1.8619957148390180e+00
1.4164762011894771e+00
1.3734086305080060e+00
1.8176937166144478e+00
2.0094454300826596e+00
2.0510721646225392e+00
1.4261909064404337e+00
1.9284054454654238e+00
1.9671865297178937e+00
2.0670692921777425e+00
1.4770384739363900e+00
1.8697574834098802e+00
1.5534832083087884e+00
1.9705898084124200e+00
2.0645294516333887e+00
1.5144638728461004e+00
1.9782203711771507e+00
1.6172934850546601e+00
1.3095015585037677e+00
1.1000000000000001e+00
1.8522777444228360e+00
1.1000000000000001e+00
2.0529266935173816e+00
1.2128112479877897e+00
1.1144978610309935e+00
2.0073482906352691e+00
1.9917535314908286e+00
1.7533069024195256e+00
2.0068194423771764e+00
2.0718211965238544e+00
1.2360764876733963e+00
1.3978092450911770e+00
1.4580687221209983e+00
1.6484176657247092e+00
1.1000000000000001e+00
1.5651078480993201e+00
1.1000000000000001e+00
1.3464680058031218e+00
1.5416436214881561e+00
1.4815824331891772e+00
1.7160122852511703e+00
2.0431748893496620e+00
1.2026841405305013e+00
2.0316474273337399e+00
1.5365990901749973e+00
2.0228263643983926e+00
2.0502469144538598e+00
1.8251441570235980e+00
1.9939532846942389e+00
1.8167290695857412e+00
2.0480393685580909e+00
1.8862119123953436e+00
1.9071757230680839e+00
2.0889647692054854e+00
2.0543879408563162e+00
1.1000000000000001e+00
1.1581289627111362e+00
1.1119741997615034e+00
1.7453817240636824e+00
1.3441827795814649e+00
2.0322212425494590e+00
1.5884385276337838e+00
1.1453169825820320e+00
1.7776998692564769e+00
1.8192094229264788e+00
1.8969793025847452e+00
1.4730563809086263e+00
1.1000000000000001e+00
1.2901292310727381e+00
1.1000000000000001e+00
1.7779304996602752e+00
1.3525738848647131e+00
1.1748349794951671e+00
1.9855811172744602e+00
2.0183343853494686e+00
1.1160465770700383e+00
1.8526939290926878e+00
2.0973644215251559e+00
2.0862322614704953e+00
1.4265334743304932e+00
1.9693850068533760e+00
2.0966933639064589e+00
1.2744345699238384e+00
1.6222262782556462e+00
1.9421704903693919e+00
2.0375647180004939e+00
1.4084996307529185e+00
1.5363842393544775e+00
2.0910421177568552e+00
1.3946755907411559e+00
1.5940377054197434e+00
1.8537786708529622e+00
2.0235590743722307e+00
1.2772207245921994e+00
1.9898337983313219e+00
1.2762489153278296e+00
1.8176792633465400e+00
1.6200747265942397e+00
1.4989088836158508e+00
1.8616093162043614e+00
1.8559355154834227e+00
2.0324915255115936e+00
1.4731385939181325e+00
1.6269494886733011e+00
1.9275369298604186e+00
2.0163205683088901e+00
2.0245332916605099e+00
1.1000000000000001e+00
1.7495913570306734e+00
2.0952104765683104e+00
1.8056096549868665e+00
1.9776872941430865e+00
1.1000000000000001e+00
2.0420088711555242e+00
2.0909588070305598e+00
2.0860351529724661e+00
1.7038032788603148e+00
1.2894368751239844e+00
1.5232931762509960e+00
1.9484961232412030e+00
1.5187923252953923e+00
1.4388965058040006e+00
1.1000000000000001e+00
2.0826481929974356e+00
2.0759246414509049e+00
2.0625530135330981e+00
2.0008245212920315e+00
1.1423286294007073e+00
2.0575254251851622e+00
1.5925549708969704e+00
2.0737874685184203e+00
1.9946606896024344e+00
1.6969709710012042e+00
1.7810911724633025e+00
2.0168151298477492e+00
1.7128735060017366e+00
1.8811920999826413e+00
2.0771948811548091e+00
1.1000000000000001e+00
2.0785854233475822e+00
1.8901606045188184e+00
1.9331397778688622e+00
1.5246613725662825e+00
1.4201587716358375e+00
1.6515654184654331e+00
1.9568734428679480e+00
1.5540648964611250e+00
1.7757391609068636e+00
1.7613962400368450e+00
1.7648411863591158e+00
1.9326020994362523e+00
1.5316177180532471e+00
1.6870470295978606e+00
1.3311095838990994e+00
1.2141326739132361e+00
1.1000000000000001e+00
1.2864990131815155e+00
1.8014470043891144e+00
2.0424396636589188e+00
1.4622581199493705e+00
1.3514435560839013e+00
1.3742511103652455e+00
2.0700821207460356e+00
1.9908759751366170e+00
1.3290752107655188e+00
1.9286663789172538e+00
1.9589331584155183e+00
1.3943564427459063e+00
1.9452216291825315e+00
2.0730770686044360e+00
2.0783053332381485e+00
1.7625654351518745e+00
1.8576085901515762e+00
2.0564056439049074e+00
2.0743261075476931e+00
1.6945007875737186e+00
2.0751624683852397e+00
1.9135790027215820e+00
1.1000000000000001e+00
1.8216789742650221e+00
1.1941806393208345e+00
1.2160551985450812e+00
1.8749074988475800e+00
2.0693168395687334e+00
1.7034235331919150e+00
1.9819086145088367e+00
2.0205496168997885e+00
1.7048675371494726e+00
1.6519468369425883e+00
1.4339329901269693e+00
1.1903389209718225e+00
1.4608942128830344e+00
1.1000000000000001e+00
1.2136817344102999e+00
1.1000000000000001e+00
1.3163339029577363e+00
1.4980929034365922e+00
2.0420790118046503e+00
1.4076940708335872e+00
1.8465163234162880e+00
1.1989663351232713e+00
1.8701997733957130e+00
1.7147813198845512e+00
1.1360977222606292e+00
1.9119884909835274e+00
1.3149540841339864e+00
2.0225161082905077e+00
2.0540432809039237e+00
1.7778737515791365e+00
1.9408750497967153e+00
1.8423487793959805e+00
1.8921364808394812e+00
2.0488396767875638e+00
1.4380946567404769e+00
2.0573053136006085e+00
1.5731062740315545e+00
1.1974899944762185e+00
1.6498110709093639e+00
2.0130784348833326e+00
1.2955812693998485e+00
1.9429584566013682e+00
2.0489650356421629e+00
1.8889185852898911e+00
2.0265546957681670e+00
1.2596248655108291e+00
1.4851822447196474e+00
1.9858751316573187e+00
1.6829334619479042e+00
1.9370145332270501e+00
2.0449885272358568e+00
1.6968100654494789e+00
2.0460442564625332e+00
1.7659004596797638e+00
1.1000000000000001e+00
1.5089776422217864e+00
1.6041646521574475e+00
1.7877658692257234e+00
1.4711942858551961e+00
1.8023418238730766e+00
1.6927704670895705e+00
1.1113979946358827e+00
1.2372992702711434e+00
1.1000000000000001e+00
1.6745560884696966e+00
1.4991438035938129e+00
1.9612400045060097e+00
1.7329227927255149e+00
1.8907596292865962e+00
1.9046754306709286e+00
1.9405918054885596e+00
1.8684305686429965e+00
1.4121817800145746e+00
1.5999572454235524e+00
2.0372180565829043e+00
1.9875974140005090e+00
2.0247828745302474e+00
1.6511199845386426e+00
1.1000000000000001e+00
1.7177946643373205e+00
1.9924305186105102e+00
1.7450772577726559e+00
1.1193914140389543e+00
1.9784848464303628e+00
1.6152186950622194e+00
1.9633700489957171e+00
1.9947331754452096e+00
1.9991325690088273e+00
1.1000000000000001e+00
1.1000000000000001e+00
1.8270077026154576e+00
1.3567852900900577e+00
2.0079086663020225e+00
1.7889135672712799e+00
1.3320475675999146e+00
1.5182018487027562e+00
1.9809141829689496e+00
1.9595580322157067e+00
1.7545450738211310e+00
1.6091251274978033e+00
1.8274348494753008e+00
1.9220214430236362e+00
1.9086561451568240e+00
1.7266095669770727e+00
1.9559507252004016e+00
1.9236835027886561e+00
1.3419978127860059e+00
1.4423938937339666e+00
1.2985479427340145e+00
1.6617692063992122e+00
1.9607999353676391e+00
1.9540116805647065e+00
1.2830253948508719e+00
1.9802582371238264e+00
1.5960682918416920e+00
1.7934361599219282e+00
1.7347692446646781e+00
1.8296710292988174e+00
1.9784140559627372e+00
1.9744769248499858e+00
1.9744884645738359e+00
1.6752741815747343e+00
1.4981225872162804e+00
1.9220720345660773e+00
1.9590918116700733e+00
1.2429193903022340e+00
1.9486791482440324e+00
1.4823212260533916e+00
1.9549189598797923e+00
1.6101051349280491e+00
1.8262285279830635e+00
1.8650077375282512e+00
1.6989818130850043e+00
1.9514498714430313e+00
1.6466883402128007e+00
1.8429663361871713e+00
1.7731258241730652e+00
1.4367430424620093e+00
1.4695201640215958e+00
1.6255931703238446e+00
1.2744185526839906e+00
1.7621437782522924e+00
1.6538987220786809e+00
1.9317671929639362e+00
1.3081840052666858e+00
1.6900581477535064e+00
1.5258929911132078e+00
1.8039399950774442e+00
1.3328084683379353e+00
1.4587782291023945e+00
1.9348294383932698e+00
1.7828031090501706e+00
1.9303274027143389e+00
1.9027430586839731e+00
1.4383850550854573e+00
1.8600382717132746e+00
1.4171106781389040e+00
1.3603128707663830e+00
1.1000000000000001e+00
1.3819872075587929e+00
1.5504342712980810e+00
1.7396886356965626e+00
1.8818856126271402e+00
1.9079013668843654e+00
1.9041905373520152e+00
1.9120137178958398e+00
1.8890907167312039e+00
1.6486535021349367e+00
1.8919324150843715e+00
1.6618617643305822e+00
1.8981047829324909e+00
1.4422719503995940e+00
1.8603925893338329e+00
1.8721673150828155e+00
1.1000000000000001e+00
1.5071501666463565e+00
1.6012533837996477e+00
1.8966252691119996e+00
1.7170602818778848e+00
1.3768871154668263e+00
1.1744797972766809e+00
1.2966304320391115e+00
1.1000000000000001e+00
1.2208435993231992e+00
1.8767623991423303e+00
1.7962155212133906e+00
1.8625304704546508e+00
1.8799584652300352e+00
1.7807605916514753e+00
1.8757895303282279e+00
1.6144435788211411e+00
1.6821615008266084e+00
1.3729200309471350e+00
1.6012066504725302e+00
1.8466543353773992e+00
1.5522101591395601e+00
1.4777933755031685e+00
1.4546991034611012e+00
1.2860462392669174e+00
1.6322474515552032e+00
1.3685250746783899e+00
1.2131558085809844e+00
1.7667421803788070e+00
1.4812150256703176e+00
1.4281747621508298e+00
1.7196561668921513e+00
1.5415616938171874e+00
1.6757036054661250e+00
1.8274348255666355e+00
1.8283464032116665e+00
1.5029937575773151e+00
1.8170215406287396e+00
1.6892645814504370e+00
1.3624919503520456e+00
1.4256229260591640e+00
1.0932965354305064e+00
1.1000000000000001e+00
1.8053050506104393e+00
1.5180515723745684e+00
1.6314299337804838e+00
1.6618512914982864e+00
1.7877611231614075e+00
1.5053108762179743e+00
1.5529984215294876e+00
1.2216412618090178e+00
1.7303005801982145e+00
1.6114884339576703e+00
1.3163830614937193e+00
1.6668390553360370e+00
1.7796919730760350e+00
1.5914101536858281e+00
1.7591902382969398e+00
1.4576643577483734e+00
1.1228216275809271e+00
1.6533247312710269e+00
1.1938095599207574e+00
1.3542249439015104e+00
1.2889990762032124e+00
1.1000000000000001e+00
1.4386783995943357e+00
1.2058485042168015e+00
1.2680231213833408e+00
1.7650752737338995e+00
1.6147552895645916e+00
1.5937881986711837e+00
1.1000000000000001e+00
1.7558354033671939e+00
1.5287372241043711e+00
1.7521711391555701e+00
1.4387877015067185e+00
1.6605036415948831e+00
1.2219194223939709e+00
1.5707378354647883e+00
1.6686662106055785e+00
1.1000000000000001e+00
1.6984455824659144e+00
1.1000000000000001e+00
1.4378936788428383e+00
1.5990835640704133e+00
1.1000000000000001e+00
1.5491036317982405e+00
1.4584315063816700e+00
1.1068444393043531e+00
1.3689537546781492e+00
1.6905998843815089e+00
1.6397269735260314e+00
1.1000000000000001e+00
1.6398848468807514e+00
1.7140064872390395e+00
1.3954099417362709e+00
1.6114199318868700e+00
1.6592910819872979e+00
1.7078151047306886e+00
1.6668743669716692e+00
1.6086904883221720e+00
1.4713606674821234e+00
1.6844192273522824e+00
1.2919606029293769e+00
1.6686208642443259e+00
1.1178232842609785e+00
1.6216112988852767e+00
1.2320111211474452e+00
1.1000000000000001e+00
1.1436619295604762e+00
1.1537244606915389e+00
1.5526817835170093e+00
1.5283611278240468e+00
1.4232455773494739e+00
1.1050617747211378e+00
1.3370018750708133e+00
1.6441569974872303e+00
1.2174768113865013e+00
1.1000000000000001e+00
1.6034458108164951e+00
1.1000000000000001e+00
1.6514184590917458e+00
1.5939220184234695e+00
1.5678694779335676e+00
1.5102272192278694e+00
1.1116166283086142e+00
1.4140839681141157e+00
1.3676016435425178e+00
1.4149277030601137e+00
1.5076703453579898e+00
1.4887307435948798e+00
1.2836300556288298e+00
1.6189787376304179e+00
1.1266390648304758e+00
1.4899720216178516e+00
1.5604316189738905e+00
1.4979169523966609e+00
1.5948314060498134e+00
1.4520439842089368e+00
1.4541153867795438e+00
1.1000000000000001e+00
1.2456307169774685e+00
1.1000000000000001e+00
1.4689068349018177e+00
1.3649321303407134e+00
1.3565908036169545e+00
1.5720944920883899e+00
1.5687353221975899e+00
1.5317123178338174e+00
1.3196781826654556e+00
1.4817137317380968e+00
1.2572482056404448e+00
1.5366575832718954e+00
1.1000000000000001e+00
1.1366520720999032e+00
1.4817881838619436e+00
1.3330910567006482e+00
1.5373029420448232e+00
1.4561477094908268e+00
1.5207809041253262e+00
1.5296985842776003e+00
1.1700400247547527e+00
1.3050758951002219e+00
1.1000000000000001e+00
1.4903866689701866e+00
1.5304824753699613e+00
1.4667620539717880e+00
1.5058878924279304e+00
1.3938740069298401e+00
1.3662748339388293e+00
1.4479855121326126e+00
1.2267375730260137e+00
1.1332581056203495e+00
1.5070906859308395e+00
1.3805626757924185e+00
1.2294006473161794e+00
1.1856999072360312e+00
1.1129279698301366e+00
1.1000000000000001e+00
1.4589752125536877e+00
1.1599727523729531e+00
1.3727375421993291e+00
1.3412834514066085e+00
1.4792629386887688e+00
1.4123398527686519e+00
1.1000000000000001e+00
1.1696534560997742e+00
1.4631148300236558e+00
1.2770516127580416e+00
1.4596682727551575e+00
1.4338398588379677e+00
1.2327919901013509e+00
1.4022890535849881e+00
1.1856674291965501e+00
1.3592017212906762e+00
1.3985057000037018e+00
1.4355481862344461e+00
1.3541543530972513e+00
1.1701750926589409e+00
1.1059505821864857e+00
1.2156464703347793e+00
1.2975323171359414e+00
1.4085051343187629e+00
1.2701703562963809e+00
1.3532696213435920e+00
1.2313910132898016e+00
1.3591312376353712e+00
1.1804756626617292e+00
1.1704107636660237e+00
1.4042710853049623e+00
1.3776940570918093e+00
1.2229442354579068e+00
1.2835397445273649e+00
1.2408136828717766e+00
1.3645199501945120e+00
1.2944319223647689e+00
1.3060336682705087e+00
1.3725806704866517e+00
1.3755369277980054e+00
1.1127383495699259e+00
1.1766236364144951e+00
1.1254245622437926e+00
1.2220742915096208e+00
1.1219544727090334e+00
1.1000000000000001e+00
1.3265145454113321e+00
1.2366110588937791e+00
1.2373950270795808e+00
1.2568620017019405e+00
1.2467130292231496e+00
1.2979823887543327e+00
1.1357523367382618e+00
1.3483133199527093e+00
1.3360258970031740e+00
1.2344908459791606e+00
1.3408440952186425e+00
1.2326877871194153e+00
1.1468288656089642e+00
1.3119714172045718e+00
1.2135797817832110e+00
1.2445740620228287e+00
1.3281478386268759e+00
1.3084327572798682e+00
1.2996647365882184e+00
1.2924006528386871e+00
1.1338650296380277e+00
1.2179863644986049e+00
1.2004028039130108e+00
1.2032933255020075e+00
1.1841339906733972e+00
1.1894592222561167e+00
1.2613815629170912e+00
1.2817700394192417e+00
1.2464412579452040e+00
1.1097672517216004e+00
1.1523901012074325e+00
1.2238109576999476e+00
1.1067080805281313e+00
1.1000000000000001e+00
1.2463278925920656e+00
1.2295033829682338e+00
1.1235032451413012e+00
1.2284546171143982e+00
1.1882197865468906e+00
1.2489063241090761e+00
1.1781849572681993e+00
1.1372757374412756e+00
1.2048536772258704e+00
1.2100878622526308e+00
1.1437072262143733e+00
1.1713704001432002e+00
1.1439154872870931e+00
1.2083827270474405e+00
1.2034019658389121e+00
1.1504156404955141e+00
