1.1000000000000001e+00
1.1000000000000001e+00
1.1000000000000001e+00
1.1000000000000001e+00
1.1000000000000001e+00
1.1000000000000001e+00
1.1000000000000001e+00
1.1000000000000001e+00
1.1000000000000001e+00
1.1000000000000001e+00
1.1036299098748750e+00
1.1000000000000001e+00
1.1000000000000001e+00
1.1000000000000001e+00
1.3353639859314763e+00
1.1774721932156877e+00
1.2466049059394786e+00
1.1000000000000001e+00
1.5166661746680059e+00
1.2911805682608615e+00
1.1000000000000001e+00
1.5193212223250563e+00
1.6125872848717075e+00
1.4641064490749933e+00
1.1000000000000001e+00
1.4527763484534584e+00
1.7680022689639976e+00
1.7609778209687237e+00
1.7011722982712527e+00
1.2357222540261734e+00
1.1000000000000001e+00
1.6263265711561461e+00
1.7965344495527460e+00
1.1176174730695854e+00
1.9249576072285617e+00
1.8828690894262621e+00
1.8250216417349874e+00
1.5781903351060294e+00
1.8966192684829906e+00
1.7365728746164795e+00
1.1000000000000001e+00
1.7411740042790043e+00
1.7913681914910136e+00
2.0536722147782376e+00
1.9805913155152624e+00
1.3578987976783385e+00
1.8965582869164130e+00
2.0885457235587808e+00
1.8769995959947947e+00
1.9996215418915253e+00
1.1000000000000001e+00
2.0765779628685523e+00
1.3944813173524295e+00
1.1130871210396895e+00
1.7506354722849675e+00
2.0322153705778261e+00
1.1000000000000001e+00
1.1000000000000001e+00
1.6346722850091835e+00
1.9973158994658857e+00
1.1000000000000001e+00
1.7254510609162022e+00
1.8544060140406544e+00
2.0336533794646350e+00
1.8681566676804038e+00
2.0257643479150240e+00
1.4040797068567819e+00
1.1000000000000001e+00
1.7504566719595198e+00
1.2089705548198033e+00
1.4180261689797025e+00
1.1000000000000001e+00
1.2567980419215614e+00
1.5872732017489333e+00
1.2578858452527029e+00
1.2976614665750767e+00
1.7640121676043630e+00
1.1000000000000001e+00
1.3595024308847179e+00
1.6619769850770294e+00
1.1424855476562552e+00
1.6434682366900897e+00
1.5442431605755966e+00
1.3342532949511952e+00
1.1000000000000001e+00
1.3647267486294026e+00
1.2105550436996524e+00
1.1617709252338446e+00
1.1111106282228027e+00
1.1337264597654404e+00
1.1000000000000001e+00
1.1000000000000001e+00
