1.1000000000000001e+00
1.1000000000000001e+00
1.1000000000000001e+00
1.1000000000000001e+00
1.1000000000000001e+00
1.1000000000000001e+00
1.1000000000000001e+00
1.1000000000000001e+00
1.1000000000000001e+00
1.1000000000000001e+00
1.1225285922175430e+00
1.1000000000000001e+00
1.1000000000000001e+00
1.1000000000000001e+00
1.3170201902163547e+00
1.1724973151603328e+00
1.2500495877965472e+00
1.1000000000000001e+00
1.4858650645813145e+00
1.2767504117467956e+00
1.1000000000000001e+00
1.5008456200587148e+00
1.5814548889636288e+00
1.4574899241189625e+00
1.1000000000000001e+00
1.4274531177806773e+00
1.7619538257827665e+00
1.7345640894289762e+00
1.6941009073418696e+00
1.2457131234575107e+00
1.1000000000000001e+00
1.6073214341101967e+00
1.7850340112434320e+00
1.1218758779393734e+00
1.9157172766874895e+00
1.8859096619107862e+00
1.8173838258220805e+00
1.5405946008137368e+00
1.8948170085770661e+00
1.6935947739984463e+00
1.1000000000000001e+00
1.7286272375601195e+00
1.7687904372853807e+00
2.0376796268516144e+00
1.9459612220293285e+00
1.3596764083850206e+00
1.8756639811324103e+00
2.0741618481755051e+00
1.8451819662040585e+00
1.9688962832828543e+00
1.1000000000000001e+00
2.0660170841958743e+00
1.3740001042826944e+00
1.1401825626680737e+00
1.7099247687207735e+00
1.9932100088609064e+00
1.1000000000000001e+00
1.1000000000000001e+00
1.6156517121725780e+00
1.9634899034365676e+00
1.1000000000000001e+00
1.6932372848530768e+00
1.8275246783195507e+00
2.0011052208661750e+00
1.8761762188270130e+00
1.9954947183112370e+00
1.4078350141854288e+00
1.1000000000000001e+00
1.7269532437873323e+00
1.2011685375806513e+00
1.4234744612467105e+00
1.1000000000000001e+00
1.2579670027383911e+00
1.5751937998122503e+00
1.2333926205108929e+00
1.2694975663433781e+00
1.7755367988941848e+00
1.1000000000000001e+00
1.3518978473829992e+00
1.6392760272852849e+00
1.1434080994153180e+00
1.6130069322890339e+00
1.5560020134191803e+00
1.3475601548565039e+00
1.1000000000000001e+00
1.3466680024855098e+00
1.2002207725614245e+00
1.1526380629509492e+00
1.0971590876920370e+00
1.1450237646052166e+00
1.1000000000000001e+00
1.1000000000000001e+00
