1.1000000000000001e+00
1.1000000000000001e+00
1.1000000000000001e+00
1.1000000000000001e+00
1.1000000000000001e+00
1.1000000000000001e+00
1.1000000000000001e+00
1.1000000000000001e+00
1.1000000000000001e+00
1.1000000000000001e+00
1.1000000000000001e+00
1.1000000000000001e+00
1.1000000000000001e+00
1.1000000000000001e+00
1.1000000000000001e+00
1.1000000000000001e+00
1.1000000000000001e+00
1.1000000000000001e+00
1.1063810576063910e+00
1.1293774377432442e+00
1.1184116466800067e+00
1.1044393628527394e+00
1.1314469988408413e+00
1.1465629106580977e+00
1.1171581258310872e+00
1.1904243304713784e+00
1.1184642634432564e+00
1.2332343354620399e+00
1.1228427332414914e+00
1.2490123483497844e+00
1.2364474077149032e+00
1.2173538948958142e+00
1.2848763303581674e+00
1.2430976187842071e+00
1.1833508130665196e+00
1.2738331098833087e+00
1.2489009760351459e+00
1.3199904371058224e+00
1.3139593489753116e+00
1.3255634827978127e+00
1.3874302640251601e+00
1.3953507247736199e+00
1.2446186006313784e+00
1.3302955363186864e+00
1.4189377768693376e+00
1.3744621311558771e+00
1.4076073526846924e+00
1.1370301591793266e+00
1.4114557295003713e+00
1.1396247989089949e+00
1.2491665525570910e+00
1.5407221719633251e+00
1.6005208543316747e+00
1.3084254040963141e+00
1.1000000000000001e+00
1.6350469642421743e+00
1.2747550222450292e+00
1.1000000000000001e+00
1.2174866708257033e+00
1.6100610474308634e+00
1.5925571323174879e+00
1.6293117136362403e+00
1.5166796971239302e+00
1.3482603056286644e+00
1.4100315835067279e+00
1.1000000000000001e+00
1.4598499325792733e+00
1.1276038671284343e+00
1.7193463611301221e+00
1.5307734236383892e+00
1.5830697233327626e+00
1.6500134394065524e+00
1.1000000000000001e+00
1.7847693226242218e+00
1.7572423403324775e+00
1.1000000000000001e+00
1.7907088669052316e+00
1.1035018785867905e+00
1.7977062327570477e+00
1.7729769061642253e+00
1.1709056733626153e+00
1.1266929269461321e+00
1.5105263930955446e+00
1.1000000000000001e+00
1.7512309361693936e+00
1.1000000000000001e+00
1.2095202310538979e+00
1.1000000000000001e+00
1.3338121317299976e+00
1.4120232486735846e+00
1.5077141745408089e+00
1.8802783676111827e+00
1.1000000000000001e+00
1.3296601180150394e+00
1.8376453739362557e+00
1.2916944253652141e+00
1.9573551103632021e+00
1.3066127137599401e+00
1.8688966431825369e+00
1.4751318104789519e+00
1.7766634431436916e+00
1.9278227664565923e+00
1.9736502457445226e+00
1.3641458639350765e+00
1.5617226073388659e+00
1.1000000000000001e+00
1.7827711526252763e+00
1.2446812900976498e+00
1.8723780087497437e+00
1.9473075358144505e+00
1.1000000000000001e+00
1.1000000000000001e+00
1.8952918217919481e+00
1.8812082130392180e+00
1.8787155017421004e+00
2.0289070951802319e+00
2.0203641856884120e+00
1.1000000000000001e+00
1.8167164744990227e+00
1.6425176895359228e+00
2.0343406717932764e+00
1.5687553424030061e+00
1.1056750023890609e+00
1.8972868258748878e+00
2.0543488592620278e+00
1.1000000000000001e+00
1.7006408924478205e+00
1.7242519846799018e+00
1.1000000000000001e+00
1.7894040749461635e+00
1.1000000000000001e+00
1.7507852197966263e+00
2.0434202556338255e+00
1.9068720243444828e+00
1.6376867166365439e+00
1.5624437398520630e+00
1.1000000000000001e+00
2.0649451373852563e+00
1.1000000000000001e+00
1.2026015198664888e+00
1.4139804928508235e+00
2.0820230508488287e+00
1.9141729016289744e+00
1.9862518617905920e+00
2.0692713714497901e+00
1.8155365136809314e+00
1.9795253886978101e+00
1.1000000000000001e+00
1.9924125873605862e+00
1.9902526455256966e+00
1.3935927752376394e+00
1.9231493592712425e+00
1.3833574261089416e+00
1.7200269308213445e+00
1.8658943142352646e+00
1.2964248978116060e+00
1.1000000000000001e+00
2.0688349634525900e+00
1.5613995741294202e+00
1.6445191239375716e+00
1.1000000000000001e+00
1.9309033195761303e+00
1.9363966888059387e+00
1.7975930827308075e+00
1.8896145162289990e+00
1.6940861826215701e+00
2.0766639599760723e+00
1.1000000000000001e+00
1.1000000000000001e+00
1.1000000000000001e+00
2.0432902216938720e+00
1.3929465883269101e+00
1.9616174788438596e+00
1.1000000000000001e+00
1.5098326806693128e+00
2.0569059309614746e+00
1.9937594231746805e+00
1.8009006980225493e+00
1.7253647401413721e+00
2.0361392490609838e+00
1.8882394444734398e+00
1.3191931696640495e+00
1.1000000000000001e+00
1.5311199444247796e+00
2.0160271608449678e+00
1.7438883771872282e+00
1.1000000000000001e+00
1.5109547467436319e+00
1.7830179316844377e+00
1.9565796592945957e+00
1.8276933732059222e+00
2.0140723036518837e+00
1.7459704589678902e+00
2.0031631302280624e+00
1.8048939223062370e+00
1.4019661065048712e+00
1.9539561220109714e+00
1.5509782330681487e+00
1.9283290351476854e+00
1.9734259379448511e+00
1.9335784974725283e+00
1.8488895190363954e+00
1.6843548332527116e+00
1.6736606679419079e+00
1.8776603650017289e+00
1.7547323877662211e+00
1.1439420117854193e+00
1.5194839602923633e+00
1.5021979704133788e+00
1.2395888576644782e+00
1.9114831054190757e+00
1.2398840405964300e+00
1.9022142951593040e+00
1.5414714580241582e+00
1.3601251318368934e+00
1.4693147140836103e+00
1.1000000000000001e+00
1.9033037645378525e+00
1.4794088114026105e+00
1.5916610342654058e+00
1.8811977120541445e+00
1.7921911573271854e+00
1.1680044875930273e+00
1.7407191287756225e+00
1.6292839340703222e+00
1.3361227868728887e+00
1.6341437551983160e+00
1.6847776464956432e+00
1.8166713144362019e+00
1.7141108849874644e+00
1.1000000000000001e+00
1.6551540954822741e+00
1.3809655048987246e+00
1.7347412828590929e+00
1.7183649077485392e+00
1.6464184132913777e+00
1.6968010571150414e+00
1.7794709400255244e+00
1.7590461061696510e+00
1.6241687592273002e+00
1.7652575877133054e+00
1.2462484733970893e+00
1.5020852019088893e+00
1.5554885727078074e+00
1.4916444824197541e+00
1.7232265849154023e+00
1.3967333180473052e+00
1.4902868185417675e+00
1.6820114259896592e+00
1.1125283138712247e+00
1.3240061909696110e+00
1.2408952603017851e+00
1.3175093685797452e+00
1.5903451725767517e+00
1.6863802856091850e+00
1.5401125707956378e+00
1.6173837155238919e+00
1.5567123214273542e+00
1.5361024921130519e+00
1.3276692645739874e+00
1.5524723685411725e+00
1.3001606034881852e+00
1.6375355433551171e+00
1.4572384024652125e+00
1.6131548327983267e+00
1.6136576308667929e+00
1.6086814894966199e+00
1.4770699544484265e+00
1.3012170317738423e+00
1.5662005563986885e+00
1.3993488973459238e+00
1.2062452152447840e+00
1.4362476236083503e+00
1.3083336109063821e+00
1.4924574472688401e+00
1.3832101370400867e+00
1.1000000000000001e+00
1.2521414069136025e+00
1.5125716511617271e+00
1.3408538207893206e+00
1.1951501648839422e+00
1.4192636958369103e+00
1.3697274522104284e+00
1.3285938918191751e+00
1.3440929122725522e+00
1.1814617588822629e+00
1.4002611295804086e+00
1.1000000000000001e+00
1.1000000000000001e+00
1.1555418724653037e+00
1.2429709090906642e+00
1.2310591578362533e+00
1.1501598005237852e+00
1.2824673015022292e+00
1.2831743150296147e+00
1.2577353700436240e+00
1.2635252368319665e+00
1.2413693921991467e+00
1.1087330644512605e+00
1.2273938326718503e+00
1.1174640343195497e+00
1.1081528806155179e+00
1.1506493829810174e+00
