1.1000000000000001e+00
1.1000000000000001e+00
1.1000000000000001e+00
1.1000000000000001e+00
1.1000000000000001e+00
1.1402286140988089e+00
1.1000000000000001e+00
1.1000000000000001e+00
1.1731791166905032e+00
1.1000000000000001e+00
1.1000000000000001e+00
1.1459875226328762e+00
1.1000000000000001e+00
1.1000000000000001e+00
1.1000000000000001e+00
1.1000000000000001e+00
1.1000000000000001e+00
1.1000000000000001e+00
1.1000000000000001e+00
1.1124252827769081e+00
1.1000000000000001e+00
1.1000000000000001e+00
1.1000000000000001e+00
1.1000000000000001e+00
1.1223402807974534e+00
1.1000000000000001e+00
1.1000000000000001e+00
1.1000000000000001e+00
1.1000000000000001e+00
1.1000000000000001e+00
1.1000000000000001e+00
1.1000000000000001e+00
1.1000000000000001e+00
1.1000000000000001e+00
1.1000000000000001e+00
1.1000000000000001e+00
1.1135420725970582e+00
1.1155811312348001e+00
1.1174215678424029e+00
1.1194662322892837e+00
1.1224242236613542e+00
1.1000000000000001e+00
1.1337801734627135e+00
1.1272725462761233e+00
1.1171372129395063e+00
1.1047038044999813e+00
1.1045938679864491e+00
1.1260990972337073e+00
1.1138508250111891e+00
1.1712139704965023e+00
1.1767174800920683e+00
1.1794495157435043e+00
1.1482140071550710e+00
1.1815075543240505e+00
1.1822300559062131e+00
1.1249328796936262e+00
1.1866890059660289e+00
1.1909926214004802e+00
1.1850241499180014e+00
1.1684764685264666e+00
1.1047683731234426e+00
1.1008729740061041e+00
1.1287750783980000e+00
1.2108382084723963e+00
1.1854552982144209e+00
1.2176794570068719e+00
1.2232233120340705e+00
1.2122463152111100e+00
1.2314427557093330e+00
1.2146032297674274e+00
1.1594760261290289e+00
1.2424470812770014e+00
1.2414659121093736e+00
1.2446986126324484e+00
1.1855083396057884e+00
1.2528378114255543e+00
1.2355321778809061e+00
1.2281296698120818e+00
1.1096305289189965e+00
1.2014445164869174e+00
1.2601749275357377e+00
1.2070625470351348e+00
1.2087965763550697e+00
1.2704483037856378e+00
1.2773007881620329e+00
1.2759607015253172e+00
1.2763324838319061e+00
1.2446657376836028e+00
1.1867731032077531e+00
1.2862604252889012e+00
1.1198153412867411e+00
1.1055679954129303e+00
1.2686239454447792e+00
1.2799115130680865e+00
1.2906321887018999e+00
1.2932458545137135e+00
1.2944473996579382e+00
1.1000000000000001e+00
1.1140627304245043e+00
1.1410361611748125e+00
1.2788906006564864e+00
1.2520079907422554e+00
1.1959553272176831e+00
1.1966216756638348e+00
1.1000000000000001e+00
1.1634669976060703e+00
1.1713731406401999e+00
1.3347669991229134e+00
1.2630100460349265e+00
1.3368373062198400e+00
1.3388649142784133e+00
1.2846910242651424e+00
1.2649267132735256e+00
1.2125773375824278e+00
1.2092102002617586e+00
1.2904482364666681e+00
1.3481306248455893e+00
1.1205837509234975e+00
1.1000000000000001e+00
1.3594242151661857e+00
1.1018122896586720e+00
1.3838659850543993e+00
1.1842000574069831e+00
1.3870181141460534e+00
1.2081220318501698e+00
1.1441667809500311e+00
1.3552363630853415e+00
1.1598006144376796e+00
1.3971802167781959e+00
1.4097154436694788e+00
1.2870167500278613e+00
1.4110871473108462e+00
1.2310134972305304e+00
1.2336784380106145e+00
1.3879470284425310e+00
1.2304350597940497e+00
1.2420589533665214e+00
1.2324001842398764e+00
1.3338236110837118e+00
1.4225797669275564e+00
1.4342246588381655e+00
1.1586787053185197e+00
1.4158571836631506e+00
1.2774228565215340e+00
1.3955799880367841e+00
1.4674223510055895e+00
1.3182897385323629e+00
1.3894390968966683e+00
1.3373465790510977e+00
1.1200386804605360e+00
1.2903157585609599e+00
1.4834931919012997e+00
1.3929761909046099e+00
1.4907661115321007e+00
1.4897077834316284e+00
1.2288998189337264e+00
1.1000000000000001e+00
1.3191170255036457e+00
1.2826095010508487e+00
1.4770285740278672e+00
1.1160123938607425e+00
1.4495286155005642e+00
1.1547555885879333e+00
1.5081962444966197e+00
1.3203481569794544e+00
1.4768302997687377e+00
1.3070415739094818e+00
1.3856900543042912e+00
1.3378344019776220e+00
1.3747746953585500e+00
1.2272705047993226e+00
1.2558364086251714e+00
1.5176931083723186e+00
1.4602471415086014e+00
1.1735364815322342e+00
1.3569532206567787e+00
1.4049889245288694e+00
1.4340852424652399e+00
1.1000000000000001e+00
1.2814279866097305e+00
1.5504532608749049e+00
1.5577877132279236e+00
1.5080649155606800e+00
1.5399281961064883e+00
1.5341769015544604e+00
1.5580080470653195e+00
1.3861134527334380e+00
1.3541654101980225e+00
1.3662076340877802e+00
1.3197497052778098e+00
1.2841904173249259e+00
1.3842063929474224e+00
1.1681740933069775e+00
1.3848829166275876e+00
1.5829173133146401e+00
1.5180119871869471e+00
1.5646671443037588e+00
1.3062396388772060e+00
1.5896951434692970e+00
1.5360547428581226e+00
1.5755590981733827e+00
1.3879300519018851e+00
1.1933824782059572e+00
1.1000000000000001e+00
1.6164670023870746e+00
1.1085475354826793e+00
1.1852665556014101e+00
1.6171206060629499e+00
1.1979468052314557e+00
1.1009468026297631e+00
1.5877001451126054e+00
1.2706981839262621e+00
1.1105211051349189e+00
1.5707314837235629e+00
1.6157252166964087e+00
1.3241193193525316e+00
1.4517225460039953e+00
1.6448982781219952e+00
1.6149027058748469e+00
1.1000000000000001e+00
1.6404367825799748e+00
1.6306691970428617e+00
1.6598136713401477e+00
1.3605705617273427e+00
1.4460762198814885e+00
1.6322459956491580e+00
1.5822508392975014e+00
1.2476633393456529e+00
1.6278671202668522e+00
1.6680985411268616e+00
1.6738363638861216e+00
1.3906014279117629e+00
1.6827695451557660e+00
1.4907723154587558e+00
1.3563648951111476e+00
1.3497709737492187e+00
1.6283182032848207e+00
1.3461457483999741e+00
1.6912299567620264e+00
1.6885064002584698e+00
1.2731101782605605e+00
1.4025941253497378e+00
1.7035599110592861e+00
1.2457709494143088e+00
1.2561726960445492e+00
1.4408871617462613e+00
1.7142365702399265e+00
1.7160228735535554e+00
1.1000000000000001e+00
1.5017749017722339e+00
1.4303273368209588e+00
1.4852524789086758e+00
1.4920556227364705e+00
1.6800221609760779e+00
1.7395600238133286e+00
1.7329409168730008e+00
1.7001687465850668e+00
1.2425617078463678e+00
1.4651328729230189e+00
1.7052985946692178e+00
1.5231475516061361e+00
1.1265427135846877e+00
1.3602511313026575e+00
1.6391709598774349e+00
1.6644136563065102e+00
1.1796622651921709e+00
1.7443837154834783e+00
1.3586419616518393e+00
1.1923945669324538e+00
1.5780462941557147e+00
1.7350744101795597e+00
1.5659251573556405e+00
1.1000000000000001e+00
1.7610536994096990e+00
1.1000000000000001e+00
1.6861932321001132e+00
1.6956208935718640e+00
1.2336710178154868e+00
1.7627322474513440e+00
1.4442992497639993e+00
1.7909094692499703e+00
1.1000000000000001e+00
1.1783840111171355e+00
1.6359639711347833e+00
1.6795339137428609e+00
1.3997015979937597e+00
1.6705496126090287e+00
1.4873457614983385e+00
1.7881091732285896e+00
1.4314516486880020e+00
1.6006886419977056e+00
1.6161499016955514e+00
1.8141242967223534e+00
1.7153444834679272e+00
1.1000000000000001e+00
1.7877864023912398e+00
1.3422058922490658e+00
1.7606914688741073e+00
1.8118489732904792e+00
1.6826103101120751e+00
1.5902564697180541e+00
1.8315686850160411e+00
1.7319259908554794e+00
1.6922904494568942e+00
1.7585888792091202e+00
1.1667126195638069e+00
1.7951981311561545e+00
1.8251364106274806e+00
1.6371625168249819e+00
1.7256663286851555e+00
1.5849670746846900e+00
1.6214497774572427e+00
1.3581170270775766e+00
1.5932311761886533e+00
1.7546945351765513e+00
1.7984224266999909e+00
1.8171855230809633e+00
1.1239351500346286e+00
1.1683910342744326e+00
1.8724168657888725e+00
1.2479255396275921e+00
1.8641847913767222e+00
1.7593152490435706e+00
1.3214680592169810e+00
1.4562161016484987e+00
1.6180497207841382e+00
1.8325498376028848e+00
1.8664455808462117e+00
1.1000000000000001e+00
1.7502894748943039e+00
1.3253321533757614e+00
1.8913718941012720e+00
1.8294522324763456e+00
1.7766475216883224e+00
1.5833195902566661e+00
1.6632823217116872e+00
1.1000000000000001e+00
1.1886870794961695e+00
1.8914347928633821e+00
1.8941678237186332e+00
1.8503705945458107e+00
1.6184851521056256e+00
1.8724797868752128e+00
1.8981676266452778e+00
1.7425229686503241e+00
1.3956405737132977e+00
1.1220503596890572e+00
1.8749841937214826e+00
1.5660465770172349e+00
1.5221802917183946e+00
1.7252215844743557e+00
1.8920310599582950e+00
1.5980207950376348e+00
1.8588963705744623e+00
1.1000000000000001e+00
1.9151655841585207e+00
1.9129662585430620e+00
1.8405678387240212e+00
1.8345265769072923e+00
1.8528533503551725e+00
1.5736185761267596e+00
1.9096275381322012e+00
1.5367503609255719e+00
1.1000000000000001e+00
1.8556849075701685e+00
1.6391932117018537e+00
1.2240164452651952e+00
1.8955682791788151e+00
1.2947362150417348e+00
1.8787644095138756e+00
1.8887530803948394e+00
1.1000000000000001e+00
1.4405538241944074e+00
1.1347028848548473e+00
1.6295005444903894e+00
1.7210099482397219e+00
1.3945327453530849e+00
1.9271340188454302e+00
1.6754069206405462e+00
1.1523373520152351e+00
1.1000000000000001e+00
1.5150694270889260e+00
1.6564555397375544e+00
1.6901245947456385e+00
1.6763891374263524e+00
1.9448295667387667e+00
1.8171401019447997e+00
1.8396701662756039e+00
1.9322767476077862e+00
1.7306543747301952e+00
1.1000000000000001e+00
1.3253860579565306e+00
1.1349409327329958e+00
1.6277963691600301e+00
1.9815126877289826e+00
1.6074904359580735e+00
1.6860516995743613e+00
1.7093775867135430e+00
1.1826982258805632e+00
1.9144803567716697e+00
1.8364570721059701e+00
1.9702218467736716e+00
1.1369287135103934e+00
1.9251112279751521e+00
1.9312950723412172e+00
1.9919327572790251e+00
1.1000000000000001e+00
1.2386347805975446e+00
1.5422230573185236e+00
1.5302749944773946e+00
1.9317007678532834e+00
1.9883175135333635e+00
1.9360830929259785e+00
1.8474688120322380e+00
1.2104849894923397e+00
1.9374680649556071e+00
1.5747979101848171e+00
1.7801131106216332e+00
1.2964723695271343e+00
1.8924493172868038e+00
1.1000000000000001e+00
2.0038221434860439e+00
1.7854759031083360e+00
1.3067009095377502e+00
2.0157969517296372e+00
1.1000000000000001e+00
1.1000000000000001e+00
1.9905240121800709e+00
2.0057991968345519e+00
1.3863619558681339e+00
1.4150004800235982e+00
1.9926248289732298e+00
1.9837284242761579e+00
1.1232997732394852e+00
1.6606751576849814e+00
1.7822439714831990e+00
1.9806070214127822e+00
1.8721642047280358e+00
1.6730697135001016e+00
1.8724297598082140e+00
1.3056663222859526e+00
1.6854846184531540e+00
1.8942187726710835e+00
1.1431303922004943e+00
1.6557410234194436e+00
1.9090531846653018e+00
2.0255637610103561e+00
1.8570369989373625e+00
1.1799727280883137e+00
1.8435572700526328e+00
2.0424468226075114e+00
1.1000000000000001e+00
1.9982755397566512e+00
1.8773129002387101e+00
1.3725822417565308e+00
1.8902521166154118e+00
1.9374958916812695e+00
2.0396642168288901e+00
1.1755605898589494e+00
2.0241425201994199e+00
1.8272630713845377e+00
1.1724855261461402e+00
1.7024183620702136e+00
1.2753966848781526e+00
1.7492310176210339e+00
1.3433195854398103e+00
1.1223212050447653e+00
1.9867706551692488e+00
1.1061623944842667e+00
1.3554963110798579e+00
1.8612366133106955e+00
1.4185206445543235e+00
1.3751991861808106e+00
1.8195269850569085e+00
2.0114130499138483e+00
2.0499512192417901e+00
1.4277437753943234e+00
1.9281332109390870e+00
1.9706233232327128e+00
2.0658858626013101e+00
1.4793734530746869e+00
1.8717215505575635e+00
1.5549092756285678e+00
1.9742889979407945e+00
2.0683661012217129e+00
1.5154743326396660e+00
1.9797028092080986e+00
1.6193573973855275e+00
1.3096972324534402e+00
1.1000000000000001e+00
1.8550706172490341e+00
1.1000000000000001e+00
2.0510781608839270e+00
1.2140645839236310e+00
1.1053505333817413e+00
2.0100887938425114e+00
1.9941471949612981e+00
1.7563463380818898e+00
2.0111892271758300e+00
2.0744581076632671e+00
1.2369959916220006e+00
1.3991902017624616e+00
1.4584564067576733e+00
1.6468775226108332e+00
1.1000000000000001e+00
1.5662299350061435e+00
1.1000000000000001e+00
1.3476845867594536e+00
1.5434584856019182e+00
1.4810847523510593e+00
1.7175365165992091e+00
2.0442056153410162e+00
1.2030906545534121e+00
2.0337647428474499e+00
1.5383822818623369e+00
2.0253558644018881e+00
2.0523069715876190e+00
1.8284007839185756e+00
1.9961496187030856e+00
1.8231355884245990e+00
2.0489115166780816e+00
1.8892835629539997e+00
1.9077448883113253e+00
2.0915520956760134e+00
2.0527784219634428e+00
1.1000000000000001e+00
1.1560185483848830e+00
1.1087720255965505e+00
1.7443175409923013e+00
1.3453387494279092e+00
2.0336812137233231e+00
1.5882694948339198e+00
1.1462662673203863e+00
1.7826802964362867e+00
1.8224190278635177e+00
1.8978120152148632e+00
1.4731890380868051e+00
1.1000000000000001e+00
1.2896612301549655e+00
1.1000000000000001e+00
1.7806175836023326e+00
1.3541263077226113e+00
1.1756948301698338e+00
1.9855802330157024e+00
2.0207458748182754e+00
1.1152867832543492e+00
1.8528912383506984e+00
2.0991954331135254e+00
2.0872888890705337e+00
1.4258796622006757e+00
1.9704141942530620e+00
2.0990755658466647e+00
1.2771386702621073e+00
1.6219901722730261e+00
1.9434775388970458e+00
2.0408283567348189e+00
1.4070068598914407e+00
1.5375858297668761e+00
2.0959039234061372e+00
1.3943380609077551e+00
1.5947257843287495e+00
1.8583586357191222e+00
2.0271654667512884e+00
1.2809820787181829e+00
1.9919439604241094e+00
1.2791401814470320e+00
1.8221588508017725e+00
1.6210976698706523e+00
1.4998324541364858e+00
1.8656880646710894e+00
1.8616497598296262e+00
2.0330389482130862e+00
1.4741882983624590e+00
1.6284754241416737e+00
1.9300816929491245e+00
2.0211994006757061e+00
2.0255321860682995e+00
1.1000000000000001e+00
1.7541134625011194e+00
2.0979423834689070e+00
1.8063662267005085e+00
1.9789649280458985e+00
1.1000000000000001e+00
2.0462999892517821e+00
2.0934895063834347e+00
2.0855983273475247e+00
1.7076619988830972e+00
1.2891841541059859e+00
1.5245325199320430e+00
1.9507801194478143e+00
1.5191271778445297e+00
1.4393766168898297e+00
1.1000000000000001e+00
2.0865306361422351e+00
2.0798794098141991e+00
2.0640374434529063e+00
2.0051186910474996e+00
1.1419041762084665e+00
2.0592404106666837e+00
1.5942280638653195e+00
2.0776808821649957e+00
1.9996745851136855e+00
1.6984626927085595e+00
1.7840051536739132e+00
2.0214607874758581e+00
1.7161483615277269e+00
1.8829210486737540e+00
2.0782422059193051e+00
1.1000000000000001e+00
2.0782207658850660e+00
1.8919773482766118e+00
1.9329814576482873e+00
1.5253435425430653e+00
1.4216149171444559e+00
1.6548613409010997e+00
1.9593175123723401e+00
1.5567488755291374e+00
1.7782132400734301e+00
1.7623076962084332e+00
1.7672153795849885e+00
1.9345249438026038e+00
1.5335242567374610e+00
1.6898983471267448e+00
1.3323527510978925e+00
1.2150869497469428e+00
1.1000000000000001e+00
1.2866759734905200e+00
1.8043209973581475e+00
2.0454504833102178e+00
1.4638713589348717e+00
1.3523377178308771e+00
1.3754998743158455e+00
2.0674845067936456e+00
1.9966627483956614e+00
1.3301900989685860e+00
1.9300451520967266e+00
1.9606830765549872e+00
1.3952002091597842e+00
1.9456863394491604e+00
2.0772454731286105e+00
2.0814951423914865e+00
1.7647084849485943e+00
1.8603231859587352e+00
2.0592429774112109e+00
2.0788236086735381e+00
1.6974367717131584e+00
2.0769890686530679e+00
1.9153259718304021e+00
1.1000000000000001e+00
1.8231616326286972e+00
1.1944066028684628e+00
1.2178150219180626e+00
1.8772622896996571e+00
2.0719564975389924e+00
1.7066785201823769e+00
1.9862024923574406e+00
2.0210352271108061e+00
1.7069077134305397e+00
1.6536743537435155e+00
1.4374533792501181e+00
1.1904170427330794e+00
1.4629821313429781e+00
1.1000000000000001e+00
1.2159785697788907e+00
1.1000000000000001e+00
1.3176716746693053e+00
1.4997224250016390e+00
2.0451949851937603e+00
1.4111110068983768e+00
1.8489868617605618e+00
1.2018278501280861e+00
1.8723495515122393e+00
1.7172944898191822e+00
1.1360656032417427e+00
1.9141020425159088e+00
1.3160116764329384e+00
2.0256287568973224e+00
2.0573162927921835e+00
1.7787940842910324e+00
1.9438766558754865e+00
1.8455327227362370e+00
1.8933181515115292e+00
2.0514714359402055e+00
1.4396744164600233e+00
2.0581642367638397e+00
1.5736088016989187e+00
1.1985576558489999e+00
1.6516196055346000e+00
2.0160434414523656e+00
1.2965594857337086e+00
1.9444846533615150e+00
2.0513898203414298e+00
1.8884227071885231e+00
2.0287663322896741e+00
1.2632710519620869e+00
1.4867323071311849e+00
1.9872325949997571e+00
1.6847936461043105e+00
1.9386461546952534e+00
2.0457387744910074e+00
1.7000120215574039e+00
2.0472256424002806e+00
1.7676061823998048e+00
1.1000000000000001e+00
1.5107850597182657e+00
1.6047308340470132e+00
1.7893642073943274e+00
1.4708035447003436e+00
1.8034337728460437e+00
1.6957281539946840e+00
1.1043576042234591e+00
1.2390788953019922e+00
1.1000000000000001e+00
1.6770668079539259e+00
1.4990711897360338e+00
1.9649557773917428e+00
1.7347577976023003e+00
1.8939474889248340e+00
1.9077714020024827e+00
1.9436770387844158e+00
1.8705942463423542e+00
1.4113498188219533e+00
1.6039856940861286e+00
2.0357791585813185e+00
1.9933572733727687e+00
2.0272832218835362e+00
1.6540269092011801e+00
1.1000000000000001e+00
1.7198632273127075e+00
1.9980145344653164e+00
1.7460467723930182e+00
1.1200404092272218e+00
1.9823453324003020e+00
1.6158777600931433e+00
1.9677704527525330e+00
1.9984966359420127e+00
2.0037298033938393e+00
1.1000000000000001e+00
1.1000000000000001e+00
1.8299585154937157e+00
1.3571922544701527e+00
2.0087281159261905e+00
1.7912810237445056e+00
1.3336373584570018e+00
1.5195337411844669e+00
1.9841278921214900e+00
1.9627080653692577e+00
1.7587759336689843e+00
1.6111162609552674e+00
1.8298596854384090e+00
1.9233032373805092e+00
1.9117822915310945e+00
1.7310677730094057e+00
1.9605861003715406e+00
1.9255361825645498e+00
1.3421055220246016e+00
1.4434821049111077e+00
1.2986113882175194e+00
1.6636672144221980e+00
1.9644710951950064e+00
1.9574113129467632e+00
1.2865988529970123e+00
1.9811266368858365e+00
1.5989702047234435e+00
1.7955301884749388e+00
1.7358008734343260e+00
1.8317369840367941e+00
1.9816324505381493e+00
1.9789850688098483e+00
1.9789493053730394e+00
1.6771413391224144e+00
1.4990203001317104e+00
1.9264219434145964e+00
1.9639694234020031e+00
1.2450032232548385e+00
1.9532336364824485e+00
1.4839470132590780e+00
1.9573873564463256e+00
1.6119933905731489e+00
1.8264619086827267e+00
1.8677375732737587e+00
1.7018444690386691e+00
1.9528276844948209e+00
1.6486556400681571e+00
1.8456160245343740e+00
1.7739186173867543e+00
1.4391229786880955e+00
1.4708286830483259e+00
1.6265069980189142e+00
1.2752755618797849e+00
1.7630637893129346e+00
1.6557670436421563e+00
1.9348252833091633e+00
1.3095258231089681e+00
1.6936873568107620e+00
1.5261683499854186e+00
1.8001000554932904e+00
1.3355627750978512e+00
1.4608738597284150e+00
1.9377086616435810e+00
1.7815084669058499e+00
1.9328109167717940e+00
1.9059689848192867e+00
1.4405477265411646e+00
1.8642061658369360e+00
1.4186352972387639e+00
1.3636489493830397e+00
1.1000000000000001e+00
1.3837783126401435e+00
1.5501319989908342e+00
1.7415753454134089e+00
1.8844119947653177e+00
1.9102073168645766e+00
1.9064053435578763e+00
1.9124160632142040e+00
1.8911085868525070e+00
1.6520109842680282e+00
1.8933371095099669e+00
1.6625912645164194e+00
1.9000354115711970e+00
1.4434041941256051e+00
1.8636335439234564e+00
1.8713669532970936e+00
1.1000000000000001e+00
1.5079948622295474e+00
1.6022887538778710e+00
1.8969371072375960e+00
1.7171299954983310e+00
1.3812740250383908e+00
1.1766081908379964e+00
1.2978259699849388e+00
1.1000000000000001e+00
1.2214854582584824e+00
1.8786663540502802e+00
1.8012335317756065e+00
1.8626582650217491e+00
1.8830142392451408e+00
1.7841774250536480e+00
1.8765181975238145e+00
1.6171535643314077e+00
1.6831109089074512e+00
1.3767487032235621e+00
1.6030475834172193e+00
1.8461765537099930e+00
1.5529872776075710e+00
1.4789049113145547e+00
1.4553039854610796e+00
1.2859573522351853e+00
1.6346452408573615e+00
1.3751295716676695e+00
1.2124501641143337e+00
1.7704241938639163e+00
1.4819841151063278e+00
1.4283103529593750e+00
1.7212817178008124e+00
1.5425014011630804e+00
1.6787408092149276e+00
1.8294530491083174e+00
1.8290439231701325e+00
1.5041606007210060e+00
1.8195398967799732e+00
1.6937420325234260e+00
1.3628393808688419e+00
1.4298725042686902e+00
1.1002553744236203e+00
1.1000000000000001e+00
1.8079701734864080e+00
1.5192536572313462e+00
1.6337631219626916e+00
1.6644653087285370e+00
1.7889612687806113e+00
1.5083249927830962e+00
1.5545082719810939e+00
1.2204982237891697e+00
1.7335454991718238e+00
1.6142275724425184e+00
1.3167174072218795e+00
1.6673697696171335e+00
1.7811585541323123e+00
1.5925168086460211e+00
1.7597976764674699e+00
1.4585287901815109e+00
1.1228061958706732e+00
1.6575826926409629e+00
1.1918745259113395e+00
1.3546563119785098e+00
1.2888933313375168e+00
1.1000000000000001e+00
1.4388763527560631e+00
1.2053063433795921e+00
1.2685846832121987e+00
1.7671800048924187e+00
1.6173688924615344e+00
1.5954331108736151e+00
1.1000000000000001e+00
1.7574587351172604e+00
1.5315622829780802e+00
1.7540262623837302e+00
1.4392939132534144e+00
1.6625066528452015e+00
1.2216228881329416e+00
1.5729600235771044e+00
1.6701529189045345e+00
1.1000000000000001e+00
1.6995198122686244e+00
1.1000000000000001e+00
1.4385649757921946e+00
1.6003629491026863e+00
1.1000000000000001e+00
1.5511766423372588e+00
1.4580852564918907e+00
1.1083568277341709e+00
1.3699199394132213e+00
1.6920482604852531e+00
1.6413566278502261e+00
1.1000000000000001e+00
1.6381999841743551e+00
1.7153171076027958e+00
1.3956575104976503e+00
1.6132319012074969e+00
1.6610033364661168e+00
1.7080692253160810e+00
1.6693954057683782e+00
1.6101071696940177e+00
1.4729909441311237e+00
1.6845599748478537e+00
1.2928181031919126e+00
1.6701707379798791e+00
1.1169924669554292e+00
1.6238560313254053e+00
1.2316661614171178e+00
1.1000000000000001e+00
1.1421203406126663e+00
1.1532574428106499e+00
1.5538646520717134e+00
1.5299551688221453e+00
1.4234824603436693e+00
1.1049604350044622e+00
1.3388668883296340e+00
1.6478370696099698e+00
1.2164702222287533e+00
1.1000000000000001e+00
1.6031737148790290e+00
1.1000000000000001e+00
1.6507882242722198e+00
1.5965947219163288e+00
1.5693581283081319e+00
1.5112093266135440e+00
1.1112604805789443e+00
1.4152314114821030e+00
1.3689010064348393e+00
1.4156521699558953e+00
1.5089627462452475e+00
1.4902498982161172e+00
1.2833623847814382e+00
1.6217429815721229e+00
1.1272271461086762e+00
1.4912775752294609e+00
1.5629302373504768e+00
1.4981714950109468e+00
1.5964794508208768e+00
1.4512283908149342e+00
1.4540077243478138e+00
1.1000000000000001e+00
1.2434878515095975e+00
1.1000000000000001e+00
1.4706363094869632e+00
1.3656851102652354e+00
1.3548248274979433e+00
1.5748164623621617e+00
1.5716138077926969e+00
1.5328383969457258e+00
1.3208688264796560e+00
1.4820631016829897e+00
1.2582578899141781e+00
1.5405251624656406e+00
1.1000000000000001e+00
1.1362110038842046e+00
1.4826131801408078e+00
1.3332336791740720e+00
1.5395971892438949e+00
1.4576839782202899e+00
1.5239028951951898e+00
1.5325431005879939e+00
1.1695120099242791e+00
1.3056540536636700e+00
1.1000000000000001e+00
1.4907963206046126e+00
1.5310611385494215e+00
1.4674313109228745e+00
1.5065023219077947e+00
1.3929899628854350e+00
1.3660945456696159e+00
1.4478350278623899e+00
1.2279212420022732e+00
1.1338764405646191e+00
1.5067575033630936e+00
1.3798982607413199e+00
1.2293647001217505e+00
1.1859551397451689e+00
1.1114637767028033e+00
1.1000000000000001e+00
1.4607552814916760e+00
1.1569019697222780e+00
1.3729970097117625e+00
1.3412980957119023e+00
1.4814355502769045e+00
1.4140855265549725e+00
1.1000000000000001e+00
1.1690857280600144e+00
1.4647463425831317e+00
1.2765307874336369e+00
1.4602233594573801e+00
1.4366699371172842e+00
1.2327147502665965e+00
1.4031227828421369e+00
1.1858501364691283e+00
1.3618093322758622e+00
1.3988593383991188e+00
1.4367240231135630e+00
1.3569928031254417e+00
1.1671948567372421e+00
1.1049648090598179e+00
1.2153742227699946e+00
1.2967297320757891e+00
1.4076067009166806e+00
1.2707191683283110e+00
1.3536053180601568e+00
1.2323969023323837e+00
1.3609289978359109e+00
1.1805540139304487e+00
1.1673905781703136e+00
1.4060272672533782e+00
1.3794780823749235e+00
1.2237011262816559e+00
1.2829060777787684e+00
1.2394654566994987e+00
1.3655725079062100e+00
1.2968573297012589e+00
1.3093448138046873e+00
1.3731225995750231e+00
1.3757549210465343e+00
1.1087920475255852e+00
1.1747629160032784e+00
1.1255540454975483e+00
1.2246369672582111e+00
1.1216380822662226e+00
1.1000000000000001e+00
1.3265351885466108e+00
1.2368325515773482e+00
1.2372253278905136e+00
1.2549364403227519e+00
1.2456510110258558e+00
1.2985077950062234e+00
1.1356222793155049e+00
1.3501222925928307e+00
1.3367939243514346e+00
1.2353322306055596e+00
1.3429155440472442e+00
1.2334275888610271e+00
1.1450327605548241e+00
1.3131900572513076e+00
1.2145259198188769e+00
1.2423241019118050e+00
1.3281196073669581e+00
1.3108582611519144e+00
1.2994910253883885e+00
1.2936771370772093e+00
1.1332249707241702e+00
1.2164564537683065e+00
1.2009623123209856e+00
1.2029397204458294e+00
1.1840102201894114e+00
1.1904455635128002e+00
1.2603978097481030e+00
1.2826010414840738e+00
1.2472846712328087e+00
1.1097542134206964e+00
1.1538282677195602e+00
1.2266952412168939e+00
1.1081595211952251e+00
1.1000000000000001e+00
1.2474506032612298e+00
1.2282474318207990e+00
1.1239942934705260e+00
1.2249140934133604e+00
1.1846110148176165e+00
1.2495928950967770e+00
1.1784956134008842e+00
1.1394046063571264e+00
1.2048678597635356e+00
1.2097131399940910e+00
1.1418803145809331e+00
1.1689299517904712e+00
1.1417687403498324e+00
1.2087107892274238e+00
1.2046222772439481e+00
1.1499233128908704e+00
