1.1000000000000001e+00
1.1000000000000001e+00
1.1000000000000001e+00
1.1000000000000001e+00
1.1000000000000001e+00
1.1000000000000001e+00
1.1000000000000001e+00
1.1000000000000001e+00
1.1000000000000001e+00
1.1402337755258345e+00
1.1000000000000001e+00
1.1181048519956653e+00
1.1000000000000001e+00
1.1000000000000001e+00
1.1000000000000001e+00
1.1189334855674762e+00
1.1000000000000001e+00
1.1000000000000001e+00
1.1000000000000001e+00
1.1000000000000001e+00
1.1000000000000001e+00
1.1104911925234224e+00
1.1000000000000001e+00
1.1000000000000001e+00
1.1000000000000001e+00
1.1000000000000001e+00
1.1893765579858726e+00
1.1196405776454965e+00
1.1000000000000001e+00
1.1166188589438513e+00
1.1000000000000001e+00
1.1711585891726208e+00
1.1000000000000001e+00
1.1915620024282589e+00
1.1346249888954565e+00
1.1000000000000001e+00
1.1000000000000001e+00
1.1000000000000001e+00
1.1000000000000001e+00
1.1000000000000001e+00
1.1178049234017400e+00
1.1000000000000001e+00
1.1000000000000001e+00
1.1000000000000001e+00
1.1867246778638874e+00
1.1000000000000001e+00
1.1866974815455611e+00
1.1000000000000001e+00
1.1000000000000001e+00
1.1000000000000001e+00
1.1000000000000001e+00
1.1000000000000001e+00
1.1000000000000001e+00
1.1000000000000001e+00
1.1000000000000001e+00
1.1000000000000001e+00
1.1000000000000001e+00
1.1000000000000001e+00
1.1191516954654204e+00
1.1000000000000001e+00
1.1000000000000001e+00
1.1000000000000001e+00
1.1000000000000001e+00
1.1000000000000001e+00
1.1194796467400079e+00
1.1000000000000001e+00
1.1035195210602329e+00
1.0994311719905556e+00
1.1019164462295978e+00
1.1023851662622466e+00
1.1017075222168653e+00
1.1012117423468448e+00
1.1130986480413354e+00
1.1038638916468446e+00
1.1025852763600703e+00
1.1026042185821627e+00
1.1028867934506952e+00
1.1092073566560179e+00
1.1039261788814108e+00
1.1098533256328431e+00
1.1050698979393001e+00
1.1046563396176823e+00
1.1146123090029929e+00
1.1000561702636444e+00
1.1164083712652624e+00
1.1174200767500564e+00
1.1000000000000001e+00
1.1196754869752217e+00
1.1082125321331069e+00
1.1221439028088069e+00
1.1000000000000001e+00
1.1213749692136756e+00
1.1091643725192870e+00
1.1202151495322388e+00
1.1012517873292385e+00
1.1049051988320089e+00
1.1266162034284082e+00
1.1246131309865641e+00
1.1305930665615485e+00
1.1282044132056959e+00
1.1319401946843890e+00
1.1287964587396786e+00
1.1294461560726887e+00
1.1336248975178116e+00
1.1183929472844141e+00
1.1355567066906016e+00
1.1359716914504576e+00
1.1285215163320026e+00
1.1265935978087107e+00
1.1374812742033140e+00
1.1167635932648754e+00
1.1366465730932263e+00
1.1370608104008688e+00
1.1303470386330638e+00
1.1319811469596663e+00
1.1253336463018371e+00
1.1115513994045636e+00
1.1319506540935309e+00
1.1137413504638793e+00
1.1028244147672375e+00
1.1363977915324850e+00
1.1450918932642249e+00
1.1123224839620856e+00
1.1355743139225938e+00
1.1077575889666174e+00
1.1346553509566597e+00
1.1533010744179297e+00
1.1083125686890916e+00
1.1086811484183103e+00
1.1189225090940200e+00
1.1444210385018867e+00
1.1000000000000001e+00
1.1513533306759056e+00
1.1143010628059351e+00
1.1543811380662525e+00
1.1395042921623753e+00
1.1560789856160960e+00
1.1264869730361602e+00
1.1454105681603099e+00
1.1254903624214028e+00
1.1541982473129169e+00
1.1684304096826033e+00
1.1404238245742386e+00
1.1664984890764014e+00
1.1016583840999044e+00
1.1000000000000001e+00
1.1406148075238203e+00
1.1778568731354182e+00
1.1647622236857924e+00
1.1400327878835514e+00
1.1618454777521805e+00
1.1278863906553485e+00
1.1802282768030319e+00
1.1821009958698185e+00
1.1611338018586710e+00
1.1743938828194811e+00
1.1707720938420940e+00
1.1223790830704108e+00
1.1655852013790886e+00
1.1893178269848854e+00
1.1864660813838348e+00
1.1652654954526527e+00
1.1790477317261034e+00
1.1962352429652341e+00
1.1550149767919429e+00
1.1853447689382879e+00
1.1883953136186178e+00
1.1585273432310894e+00
1.1939047437844861e+00
1.1920116908014280e+00
1.1566752807235383e+00
1.1942645230851967e+00
1.1166263936091205e+00
1.1014842421457456e+00
1.1372394616548724e+00
1.1949195133430910e+00
1.1000000000000001e+00
1.1112896700202601e+00
1.2082286100439190e+00
1.1557132186060215e+00
1.2045880494402308e+00
1.1991650987329516e+00
1.1000000000000001e+00
1.1770034018279789e+00
1.2048468155638512e+00
1.1990942243422975e+00
1.1751057249858781e+00
1.1698253749728134e+00
1.1985867888931252e+00
1.2124193906780965e+00
1.2208627271807628e+00
1.2041779384211377e+00
1.1933081669137802e+00
1.2260640467134700e+00
1.1387551952696928e+00
1.2280579061155954e+00
1.1318004441369993e+00
1.1982838506410265e+00
1.1247786397672834e+00
1.2033625610370695e+00
1.2084928200288743e+00
1.1619212410147561e+00
1.2373381529812797e+00
1.1800717177596418e+00
1.1262055982729422e+00
1.2423156722606479e+00
1.2116650136119933e+00
1.2385816910306127e+00
1.1807612445446798e+00
1.1542837948214959e+00
1.1859527469987590e+00
1.1000000000000001e+00
1.2190684749616290e+00
1.2349004973739208e+00
1.1302901662457943e+00
1.1437398662739535e+00
1.1978149009470760e+00
1.2278553310202756e+00
1.2525555964901376e+00
1.2505803375693174e+00
1.2557992975273058e+00
1.2170714825462017e+00
1.2433760000244380e+00
1.2539439073396024e+00
1.2457474618827846e+00
1.2638048469837913e+00
1.2307620572632398e+00
1.1242087881249718e+00
1.2589704457718960e+00
1.2488204150430504e+00
1.2460080443953343e+00
1.2624652448802689e+00
1.1671704232765729e+00
1.2541653442157288e+00
1.2542061872493111e+00
1.2643334558759216e+00
1.2039584751303976e+00
1.2697990012923677e+00
1.2632795522909792e+00
1.1792954735160015e+00
1.1220403095417899e+00
1.1737996360505896e+00
1.2349526766231593e+00
1.1966686352975207e+00
1.2723329831958319e+00
1.1042120581454213e+00
1.1103253802758504e+00
1.1428671419842644e+00
1.2679125198956134e+00
1.1000000000000001e+00
1.1644860491849554e+00
1.2787399217004971e+00
1.1267704145079391e+00
1.2509044721810461e+00
1.2524179534940396e+00
1.1130539830575310e+00
1.1972789101169805e+00
1.2171956390319052e+00
1.2022616550726819e+00
1.1994778704016917e+00
1.2875920014669164e+00
1.2219682875309070e+00
1.2540574211376692e+00
1.2817815990410342e+00
1.1525046099228591e+00
1.1046653350513378e+00
1.2698354785336521e+00
1.1288448552019330e+00
1.2051581332380183e+00
1.1775567709673227e+00
1.2076275499570834e+00
1.2632714908449891e+00
1.2017691181402663e+00
1.2283517561564703e+00
1.2969138940163747e+00
1.1070737528577295e+00
1.1602185997651824e+00
1.2120443686949494e+00
1.2158078833452186e+00
1.2632121137617771e+00
1.1450022537757234e+00
1.2453320922128235e+00
1.1732183253036623e+00
1.2056382515827426e+00
1.2809122777677953e+00
1.2835803101103709e+00
1.2297158846084306e+00
1.2547040856386342e+00
1.2637309353991659e+00
1.1746124496292591e+00
1.2022111635426211e+00
1.3105188911190131e+00
1.2323626569287256e+00
1.1020037364010276e+00
1.1203984863567480e+00
1.3090358851336437e+00
1.1980216196108475e+00
1.3150907809273111e+00
1.2787307854048002e+00
1.2377956947901361e+00
1.2241562305425557e+00
1.2774667497365979e+00
1.2338372591231010e+00
1.1000000000000001e+00
1.2222563949449650e+00
1.1904484432015376e+00
1.2418639223130983e+00
1.2748065505354758e+00
1.3169950740938130e+00
1.2887519938784451e+00
1.2505725754800723e+00
1.2350137687641527e+00
1.2624899800339886e+00
1.2637767842507079e+00
1.1683711148108618e+00
1.1950097332943839e+00
1.2800088155690215e+00
1.3040838115473199e+00
1.3241712161884147e+00
1.1810355275131992e+00
1.1292207439187680e+00
1.3263893191743401e+00
1.3113980570890833e+00
1.2255743427537242e+00
1.3284166473745422e+00
1.3359177026254530e+00
1.3177816188931331e+00
1.1083754708164710e+00
1.3252173085447037e+00
1.3099311257992909e+00
1.3266398217462123e+00
1.1412886897447623e+00
1.1041530748500090e+00
1.3142633030284119e+00
1.3197012649179900e+00
1.1718332045431978e+00
1.3449752808431603e+00
1.3448142283936597e+00
1.3383149195040986e+00
1.3366583556051004e+00
1.3233376590985093e+00
1.1017789329629533e+00
1.1092914920575203e+00
1.1932314836413205e+00
1.1201131010370542e+00
1.3535192740748117e+00
1.3540446695495605e+00
1.3502600874479422e+00
1.3527767950652798e+00
1.3324593574805046e+00
1.3572105642999461e+00
1.3484916189270124e+00
1.1174748475752321e+00
1.2824612678304188e+00
1.1705243261686231e+00
1.2883694501475944e+00
1.3111025318201923e+00
1.2560688380945049e+00
1.2094987708836271e+00
1.2336433901186534e+00
1.3613266867221343e+00
1.3580018530603637e+00
1.2395134072514917e+00
1.3368729332308045e+00
1.3379752366774178e+00
1.3128728004747516e+00
1.3141326358758667e+00
1.1524339590486163e+00
1.3621275982829331e+00
1.3664446206932721e+00
1.3314052423584755e+00
1.3142783371189664e+00
1.3070910880881494e+00
1.2733445453541017e+00
1.3121423028150423e+00
1.1828585658812112e+00
1.2374175402042584e+00
1.2416539035441967e+00
1.3092736654415931e+00
1.3210939706236955e+00
1.3020396447758902e+00
1.2835271969875006e+00
1.3471127758879760e+00
1.2417680816312786e+00
1.1518148020677708e+00
1.3789771399651218e+00
1.1064652276087743e+00
1.2843443740285259e+00
1.3279974534291659e+00
1.2270196607226076e+00
1.3859408790451351e+00
1.1347329912059627e+00
1.1661768891224846e+00
1.3906812919677543e+00
1.2939397322988799e+00
1.3925333194956122e+00
1.3922820740797295e+00
1.3442125507793192e+00
1.3648211986549343e+00
1.3960084259695416e+00
1.3189632987131226e+00
1.1034112021751039e+00
1.2352513200010422e+00
1.4053118004842164e+00
1.1338068171052988e+00
1.2061430257908805e+00
1.1936636091585138e+00
1.2168156613688363e+00
1.1659208134566508e+00
1.1119889293616456e+00
1.3833953082576231e+00
1.3988873929495955e+00
1.1813977095231363e+00
1.3266488204119473e+00
1.3547556340078284e+00
1.2311248452974293e+00
1.1470830588135650e+00
1.4114376713879524e+00
1.2122305484424813e+00
1.1098720302125846e+00
1.2206410859447310e+00
1.4152125734933239e+00
1.1000000000000001e+00
1.3574210734118499e+00
1.1493696372890843e+00
1.4005882812576200e+00
1.2184623871692859e+00
1.4124993210096350e+00
1.3492073575861740e+00
1.4016979980620035e+00
1.4195065146848069e+00
1.2908780379234792e+00
1.2293460167028771e+00
1.3703061927437781e+00
1.1411342560849056e+00
1.3699356792063173e+00
1.3866843280454242e+00
1.3656964898210247e+00
1.3419928659207334e+00
1.1463113557623497e+00
1.3988671017218652e+00
1.4148873652879266e+00
1.3266333866823923e+00
1.2909703424010179e+00
1.3150500551720801e+00
1.3262338217677585e+00
1.3916691599213373e+00
1.4251715668965033e+00
1.3863328201258094e+00
1.3181754918777919e+00
1.4288246794630803e+00
1.4155507254228041e+00
1.1870426721854792e+00
1.4259770441644330e+00
1.3117949362041488e+00
1.3298413009585761e+00
1.3814494370569239e+00
1.2827236464260450e+00
1.3658620905017416e+00
1.3906557456338142e+00
1.4252732325871000e+00
1.3969070323378341e+00
1.3536617131796875e+00
1.4317100181923119e+00
1.2668561314362914e+00
1.3174979685819224e+00
1.4333693379933963e+00
1.1509932284766635e+00
1.2863617952062365e+00
1.4130888121658327e+00
1.4146050257701124e+00
1.4217386627462800e+00
1.1612528778151263e+00
1.3764133169470532e+00
1.4407680180287610e+00
1.3044601423193400e+00
1.3191987688389988e+00
1.4344082719031384e+00
1.4379371932829121e+00
1.4442524655407611e+00
1.2292295613603577e+00
1.3383906363419251e+00
1.4314580778042252e+00
1.1000000000000001e+00
1.1980598560935622e+00
1.2112855953234756e+00
1.4479960045022469e+00
1.2666547449623440e+00
1.3720359297056504e+00
1.2726793641121543e+00
1.4185022294545568e+00
1.2532369118451925e+00
1.4170903382580751e+00
1.4558185364895806e+00
1.4532168411178121e+00
1.3679271495379817e+00
1.1000000000000001e+00
1.3987336393887342e+00
1.4609344002325244e+00
1.2243423267944495e+00
1.4609404378305126e+00
1.4390807923788203e+00
1.2895442012978175e+00
1.4360569460982791e+00
1.4498617182442239e+00
1.4298071024843571e+00
1.1436310639436511e+00
1.4190493253151222e+00
1.4547923349357630e+00
1.2462487388498042e+00
1.4569028587306265e+00
1.3471415369655086e+00
1.1660141644143054e+00
1.4425623414968540e+00
1.3809130814077710e+00
1.2697092325485597e+00
1.3053859406667807e+00
1.2093403034852424e+00
1.1963669170254021e+00
1.3488325549996192e+00
1.3130211534152016e+00
1.3536130116834835e+00
1.3192942786877495e+00
1.4228454164012072e+00
1.3127521770317623e+00
1.4826326226710347e+00
1.1428635313895967e+00
1.1000000000000001e+00
1.2061725064161355e+00
1.4857981857615683e+00
1.3705044299205287e+00
1.4796742057531025e+00
1.4873614887370912e+00
1.4722032282697028e+00
1.3700809480372180e+00
1.1000000000000001e+00
1.3809980422051533e+00
1.1210616727865095e+00
1.4559585886934636e+00
1.4947712611397526e+00
1.4480390538585681e+00
1.1000000000000001e+00
1.1912354933813214e+00
1.3875491256328907e+00
1.1579527785174060e+00
1.5031126846721623e+00
1.2735467158613807e+00
1.2150166850920525e+00
1.2815419543284450e+00
1.4370095634371278e+00
1.3387569135338375e+00
1.1450387935309179e+00
1.2137125146841292e+00
1.5065518977532377e+00
1.4340662951723648e+00
1.2769781412070254e+00
1.2789809198218454e+00
1.2399501282990468e+00
1.5035483599406028e+00
1.4696881391104355e+00
1.5117172030746668e+00
1.2254717371756971e+00
1.3971656241115316e+00
1.3385857165576769e+00
1.3200603524931056e+00
1.4509377736939839e+00
1.3863092738393590e+00
1.4414723928024658e+00
1.4895690143248543e+00
1.4985905530607100e+00
1.3657319927579858e+00
1.2703104966262928e+00
1.3074021490937082e+00
1.4477152825737447e+00
1.4074149682002448e+00
1.4469464722795873e+00
1.1360290876745798e+00
1.5224956387776167e+00
1.5175590888264598e+00
1.4285900407829066e+00
1.4143330245301029e+00
1.3640840735140509e+00
1.4317535501079868e+00
1.5216078850269155e+00
1.5179161075906014e+00
1.4753793101782908e+00
1.2038056788889928e+00
1.1121279863396123e+00
1.4622454980116280e+00
1.4559221578449948e+00
1.5204945984420128e+00
1.1779054771983890e+00
1.5203725963505286e+00
1.4252196598800495e+00
1.1767529396278529e+00
1.3719456113123552e+00
1.1110033175290246e+00
1.5270071091532627e+00
1.2549486439316471e+00
1.3858894245882081e+00
1.4555973552083705e+00
1.1334026342620145e+00
1.5395178232952320e+00
1.5342426215010878e+00
1.3997745705453242e+00
1.5115892418426571e+00
1.1000000000000001e+00
1.4412429278572851e+00
1.2140753465164915e+00
1.1130338541963141e+00
1.5360043202234486e+00
1.5045600118516056e+00
1.1701750295928499e+00
1.5212771479462948e+00
1.4643068293318624e+00
1.1000000000000001e+00
1.4083391285767692e+00
1.4399993540288976e+00
1.4240795879524393e+00
1.3605985878484528e+00
1.3945624723849608e+00
1.1073316625068821e+00
1.5539374394613688e+00
1.3079793312552688e+00
1.1000000000000001e+00
1.5604645611755561e+00
1.5379243037782069e+00
1.4510488886460629e+00
1.1028824548288938e+00
1.5193964854471600e+00
1.4565067697552259e+00
1.5419373587337508e+00
1.5085635942015050e+00
1.1000000000000001e+00
1.5705630610241559e+00
1.3320341102476756e+00
1.1672366417162783e+00
1.4936921222046669e+00
1.2500172021070433e+00
1.4017714253242068e+00
1.2271255079204135e+00
1.5007752755324462e+00
1.5640531426764694e+00
1.1052792846204655e+00
1.1437149463388454e+00
1.3328983460616202e+00
1.2590447561592506e+00
1.4391733836259788e+00
1.5805100717940552e+00
1.4242047312579968e+00
1.5373337104000788e+00
1.5689009476599709e+00
1.5791252677705248e+00
1.5001713992010075e+00
1.5191370173138037e+00
1.5828067309943992e+00
1.5801029988517024e+00
1.5800597683235957e+00
1.5253260408817835e+00
1.4777446694935357e+00
1.5539999367702235e+00
1.4279727189095075e+00
1.2300865221305737e+00
1.1133897947222593e+00
1.5701846710231846e+00
1.4213280762103557e+00
1.5550502922909490e+00
1.5606893768013421e+00
1.4999761956648794e+00
1.1697819836276597e+00
1.4685166488228520e+00
1.1293651293288409e+00
1.5235838331719009e+00
1.2617597121349948e+00
1.5978715944788031e+00
1.3142736739773102e+00
1.2031728305481082e+00
1.1353806839654832e+00
1.5012432916321434e+00
1.2997474342329538e+00
1.3206119778818748e+00
1.1230722401489366e+00
1.3227356258601981e+00
1.2974753432295976e+00
1.6012616940582549e+00
1.3455394473133213e+00
1.5507212546875886e+00
1.2720293926799626e+00
1.6050874922221776e+00
1.6006050533104363e+00
1.2999638735750729e+00
1.5685266773776270e+00
1.4601951364570507e+00
1.6049542911009795e+00
1.3380729368905262e+00
1.5744989689976907e+00
1.5729293702583564e+00
1.3107188649266239e+00
1.5997614436601124e+00
1.5855691784053365e+00
1.5248063671470535e+00
1.4866146599486787e+00
1.5719532239205700e+00
1.5956841429688284e+00
1.6159804710402306e+00
1.1357418166125604e+00
1.4771863014858664e+00
1.1653059207489915e+00
1.1000000000000001e+00
1.5994660160026457e+00
1.4610556867914921e+00
1.5113296664041027e+00
1.1584057202004796e+00
1.1588021424527353e+00
1.3267607629852498e+00
1.5886562524667578e+00
1.3960329328902044e+00
1.1803783725671697e+00
1.1000000000000001e+00
1.3590899587130518e+00
1.5212732265430549e+00
1.5675378770180404e+00
1.5472690819386401e+00
1.5211003647075756e+00
1.2919680201134778e+00
1.6216416590167795e+00
1.5080355546060402e+00
1.5664306075108336e+00
1.4610077108749724e+00
1.6003182164230365e+00
1.4098162315097258e+00
1.4556803499199515e+00
1.2078043371731526e+00
1.3795265216075221e+00
1.6318325453932996e+00
1.6112191409391541e+00
1.4723702457878329e+00
1.4620406749185053e+00
1.4279750109668337e+00
1.5565147284608161e+00
1.5824052308015764e+00
1.5925968777745316e+00
1.5964776975179460e+00
1.4809996664968939e+00
1.3588759926548195e+00
1.3340824622959020e+00
1.4984111630408061e+00
1.5506718164200837e+00
1.1084919038685401e+00
1.1198984778588359e+00
1.5039785538210080e+00
1.3335802701928621e+00
1.6230276804029364e+00
1.6320435578757324e+00
1.1207648115858431e+00
1.3064858440198139e+00
1.3955669551484295e+00
1.6382216889015131e+00
1.4858740995453250e+00
1.6476230969127390e+00
1.6388478136582332e+00
1.2639818154181415e+00
1.6131325940901120e+00
1.6517081905245647e+00
1.5929806127017632e+00
1.6497248320418758e+00
1.6054049403173030e+00
1.6099861033286669e+00
1.3125187723664333e+00
1.4251123245036299e+00
1.6551870180805692e+00
1.6341399311846165e+00
1.2791829814225879e+00
1.4832670782663855e+00
1.5642547292527329e+00
1.5464178358963878e+00
1.3562108123707211e+00
1.5744738519927142e+00
1.6148982378941485e+00
1.6279534420742043e+00
1.6593220157847977e+00
1.6249784613678624e+00
1.2326333439867090e+00
1.6642948145461800e+00
1.6514964063330466e+00
1.2604797722189875e+00
1.4259945683226323e+00
1.2737231429899631e+00
1.4667603145693895e+00
1.2791589477750738e+00
1.6145434128415335e+00
1.3858966901394125e+00
1.6385218678515883e+00
1.6639316731048768e+00
1.5244634504288639e+00
1.6547556422603220e+00
1.6731403952065169e+00
1.6274712294616525e+00
1.2495611795081660e+00
1.4738630243214668e+00
1.1229023995763416e+00
1.6633807394447480e+00
1.6677078977715349e+00
1.6613818830385940e+00
1.6781821724621389e+00
1.6650328514573549e+00
1.5594871115816802e+00
1.2520968840767364e+00
1.3350601020547688e+00
1.6830072014355233e+00
1.5166866916660464e+00
1.6642603381828627e+00
1.6851605107849195e+00
1.5753545873299450e+00
1.3384752002133387e+00
1.4124748527918289e+00
1.5505119460845214e+00
1.6198773068493906e+00
1.2973971737080736e+00
1.6831103604406488e+00
1.3933281889060747e+00
1.2204347902904626e+00
1.4174964424682430e+00
1.6729179035518824e+00
1.1000000000000001e+00
1.6213629975728523e+00
1.6867880141935123e+00
1.6407879860616872e+00
1.5489347605971275e+00
1.2735804697948978e+00
1.6830595747558039e+00
1.6565872024403745e+00
1.6684036530395083e+00
1.1104454606022101e+00
1.1621263837062448e+00
1.6962916486570112e+00
1.1108933426205228e+00
1.6946770897533827e+00
1.6984657917088224e+00
1.6130040896089426e+00
1.2641648202883458e+00
1.6981725748812493e+00
1.5565138979255384e+00
1.4751334089465300e+00
1.6927957606252639e+00
1.4584196353969900e+00
1.3195276162407725e+00
1.3374903218910936e+00
1.4654545010639684e+00
1.1000000000000001e+00
1.4005933220767577e+00
1.6979847382658366e+00
1.3968479618267415e+00
1.6673230879254319e+00
1.4978538627875442e+00
1.4392046906710305e+00
1.1468121997790348e+00
1.0996050251158180e+00
1.6902369741304237e+00
1.4855560579646712e+00
1.6706426879921210e+00
1.1661742162745701e+00
1.5760076105708363e+00
1.2335511244481769e+00
1.7046935731525572e+00
1.5173804034391740e+00
1.4823716711381845e+00
1.6984687677663712e+00
1.5587188906923475e+00
1.1366160856438201e+00
1.4014199355306620e+00
1.4524306054888720e+00
1.3693476171181891e+00
1.3159637058470426e+00
1.2430692055899744e+00
1.7064901753494457e+00
1.5635997074977437e+00
1.1052605668736719e+00
1.6708697562689334e+00
1.7085035668882544e+00
1.7085888116930885e+00
1.1381585123777749e+00
1.7012104205058105e+00
1.6467012504207614e+00
1.5349993150293844e+00
1.6479603014726174e+00
1.6899003423763936e+00
1.4000951129108445e+00
1.6378500033577255e+00
1.1514421757229367e+00
1.6287274891507308e+00
1.2439601232108330e+00
1.6818813256604663e+00
1.7229835109542515e+00
1.5902687256181571e+00
1.6320017635875168e+00
1.1485709905561832e+00
1.5994691552587246e+00
1.2887365148038445e+00
1.3782694121803591e+00
1.7265505203641380e+00
1.7243732279575730e+00
1.6072375189269184e+00
1.1148025526812344e+00
1.6172371498157474e+00
1.2425926652493280e+00
1.7099306022969718e+00
1.7329060571535853e+00
1.6553357703282268e+00
1.6028548688524358e+00
1.2345768494416722e+00
1.7287014479326694e+00
1.7058884616045451e+00
1.5908533629675836e+00
1.3670774260985763e+00
1.4686435185263165e+00
1.6564426418643650e+00
1.5365457366840414e+00
1.7165514928272059e+00
1.5722067425456745e+00
1.4170547823099602e+00
1.2527955609682881e+00
1.7379340377949111e+00
1.3303370408455930e+00
1.7297563470837487e+00
1.4316398077772272e+00
1.6397102802118193e+00
1.4246026515862171e+00
1.6661079873361071e+00
1.6807242407695726e+00
1.6654803221520380e+00
1.6084563999240771e+00
1.5117314026437660e+00
1.6231062528604880e+00
1.4930263930787806e+00
1.2011172079796169e+00
1.2392452240509375e+00
1.3661366250304212e+00
1.2050022232413420e+00
1.6906989917181894e+00
1.2883704451280056e+00
1.7458897087916547e+00
1.1372301330925656e+00
1.5950822490173240e+00
1.5614189667692335e+00
1.6770701855106174e+00
1.2452967343715251e+00
1.5385338143870297e+00
1.6519693242694620e+00
1.5619583952118790e+00
1.5811236393088197e+00
1.2602923240805131e+00
1.7523814975922545e+00
1.3186768172669217e+00
1.4022229292011539e+00
1.1810697485064499e+00
1.4860958720817572e+00
1.6784832041951003e+00
1.3857979456603979e+00
1.2063064154224576e+00
1.3014788493584830e+00
1.4056737867919995e+00
1.6032027136753451e+00
1.1089518470828297e+00
1.7006632576383756e+00
1.7404535475853664e+00
1.1634929396720290e+00
1.7416508878645809e+00
1.7617486429611429e+00
1.5143205971563169e+00
1.4723791943153708e+00
1.1000000000000001e+00
1.7316221488423831e+00
1.2587884070170801e+00
1.4959177718625472e+00
1.6980228875788628e+00
1.1714084807210015e+00
1.7264449376153479e+00
1.7158995377811372e+00
1.5765095807792420e+00
1.7358965680918239e+00
1.7365996518151348e+00
1.3993903403337578e+00
1.4970202334168734e+00
1.5124479522573651e+00
1.7216137749344056e+00
1.7746262582605610e+00
1.4766165447773030e+00
1.3942903973537610e+00
1.6271820215995225e+00
1.5249582937220802e+00
1.7352162824244861e+00
1.6933654157062841e+00
1.6870534194737703e+00
1.6445166624053358e+00
1.5064673697756215e+00
1.7684373960888247e+00
1.6221038811248771e+00
1.4445806146484081e+00
1.4607250293348348e+00
1.6543477252022445e+00
1.7121762254427508e+00
1.6075927409552089e+00
1.7122352466845043e+00
1.7776706479440028e+00
1.4754419340747866e+00
1.7363826628691947e+00
1.6284854790654610e+00
1.7833567238747057e+00
1.7381764124026660e+00
1.2926673783194007e+00
1.7353994473412413e+00
1.7683434212488478e+00
1.6149432348382684e+00
1.2401865029213059e+00
1.4818705779496366e+00
1.7613535114498815e+00
1.7865233596966279e+00
1.5617189517419958e+00
1.2440896669613257e+00
1.7289743013675007e+00
1.1121011524757374e+00
1.6886390023778923e+00
1.7953792074609902e+00
1.6538845755239686e+00
1.1000000000000001e+00
1.1628860058326216e+00
1.7170304415141782e+00
1.7729502577208873e+00
1.7633840703043322e+00
1.4978107455238272e+00
1.7868960443621589e+00
1.4889428633943416e+00
1.6091988319778456e+00
1.7642295275170101e+00
1.7981744162679010e+00
1.1000000000000001e+00
1.1104553225468230e+00
1.7957469200925760e+00
1.4280916287429990e+00
1.1000000000000001e+00
1.7835607106894056e+00
1.7908173467707611e+00
1.8066043625722989e+00
1.7002959380173484e+00
1.5834426250739273e+00
1.4292364633415382e+00
1.7420940814704653e+00
1.6805937248496177e+00
1.7285310858906096e+00
1.7759638241943865e+00
1.7506043995709704e+00
1.5962612008377701e+00
1.3190473760254631e+00
1.6870760628045374e+00
1.6365565629110697e+00
1.7955731839589246e+00
1.7139645007099813e+00
1.3714122396329627e+00
1.5560932054215530e+00
1.3301997575963433e+00
1.7767913447600103e+00
1.1295459857146262e+00
1.6144637673807665e+00
1.8130439363210389e+00
1.7565715044691883e+00
1.1215398649590329e+00
1.7860699745695960e+00
1.1870023806225545e+00
1.5697811700339239e+00
1.1020338401165675e+00
1.6403966389755991e+00
1.6849259181806864e+00
1.6870515858270094e+00
1.1136535897053739e+00
1.3523681785827968e+00
1.5337469243700115e+00
1.5002030150388128e+00
1.7229463480035856e+00
1.8140627034512125e+00
1.1000000000000001e+00
1.4938623723102080e+00
1.7825982866764738e+00
1.7149234944002012e+00
1.1667452232295272e+00
1.2418432741089644e+00
1.3066674565180607e+00
1.5094457030422903e+00
1.5453047585606943e+00
1.8079789788227434e+00
1.3265454435199575e+00
1.4031456409163161e+00
1.7992670013297529e+00
1.5652841098244488e+00
1.7136422272836815e+00
1.3129176777113276e+00
1.4194652971282165e+00
1.2987064036792744e+00
1.8255770502955764e+00
1.7531351319039103e+00
1.8129814315100681e+00
1.3120985501237399e+00
1.1107413488443640e+00
1.6161937855336233e+00
1.7715202706663269e+00
1.6801974192435150e+00
1.5307351564525011e+00
1.8177268246783924e+00
1.2747793944149328e+00
1.1080774166555221e+00
1.1720383612427596e+00
1.8273187345473683e+00
1.5626918745088727e+00
1.8373153052154430e+00
1.3871584970169148e+00
1.8318062565863638e+00
1.8349778446369802e+00
1.4081382397911404e+00
1.1947588089904819e+00
1.1000000000000001e+00
1.7694352068142083e+00
1.7410378047264483e+00
1.4110707491971068e+00
1.4369246924376982e+00
1.8407108011674271e+00
1.7940105482855919e+00
1.1202340355090747e+00
1.1000000000000001e+00
1.1834839370884251e+00
1.4778377124219499e+00
1.7882282201001496e+00
1.2464014020563090e+00
1.2937698857325441e+00
1.8100370376798229e+00
1.8539165185441062e+00
1.6297640687558004e+00
1.1000000000000001e+00
1.1605875848466636e+00
1.4892905472801539e+00
1.8301631356896164e+00
1.5928663554218521e+00
1.7031935109411178e+00
1.8311120764396369e+00
1.4026816852695332e+00
1.8025467627605543e+00
1.6279408649641796e+00
1.7981942779658648e+00
1.8546372206276605e+00
1.5971865132657095e+00
1.6489002415127154e+00
1.4850991400759004e+00
1.8306166671660262e+00
1.8207067432194390e+00
1.5934937485658123e+00
1.3296397283028090e+00
1.6732551784074523e+00
1.7996923847427007e+00
1.3753702961224732e+00
1.1000000000000001e+00
1.5538151044521349e+00
1.8199386792207699e+00
1.6027484429109959e+00
1.2621694717463940e+00
1.3241246132910316e+00
1.8188206037327668e+00
1.8682173390794699e+00
1.1000000000000001e+00
1.5178961189604121e+00
1.8715525795254717e+00
1.8486503454965011e+00
1.8073429046246403e+00
1.3476573578585900e+00
1.7841306287322405e+00
1.4339682898283310e+00
1.7214630897606631e+00
1.8291198930222936e+00
1.8601413835825416e+00
1.6079918448311450e+00
1.8114880432384435e+00
1.5042507605406543e+00
1.8645588090481406e+00
1.6651007595050311e+00
1.8698650503671774e+00
1.7865374407961907e+00
1.8780973636817875e+00
1.4329641626518757e+00
1.8394912787680755e+00
1.7126118577585505e+00
1.6293186591618980e+00
1.7022564492172683e+00
1.8560039452855077e+00
1.8833397271350645e+00
1.2860086257449352e+00
1.8517537649762386e+00
1.4481465583846092e+00
1.6457199099072453e+00
1.6496255199167329e+00
1.8654507443311454e+00
1.6836758546495918e+00
1.8132974755733242e+00
1.8458339005911393e+00
1.7803708089100372e+00
1.8054333846540751e+00
1.4951635480827639e+00
1.6260461676108897e+00
1.8215617020765591e+00
1.8025559692199797e+00
1.4719908656476133e+00
1.3644775993043301e+00
1.8783969948054158e+00
1.8911458847180835e+00
1.1297077181539730e+00
1.7823011057806466e+00
1.6435896695613061e+00
1.5094492384254719e+00
1.8840835967205656e+00
1.8734168122914641e+00
1.7085579602862273e+00
1.6110500261381746e+00
1.8325138738208728e+00
1.8133956907459619e+00
1.4428783235320484e+00
1.1692420908947860e+00
1.8690434563612521e+00
1.1126815806598105e+00
1.8895217233158277e+00
1.6846725555674162e+00
1.8837379542021251e+00
1.8442143225915864e+00
1.8449476300215952e+00
1.8936754825039224e+00
1.3680898246549655e+00
1.6746075538965910e+00
1.4521178185687900e+00
1.8997794525885285e+00
1.1770048979953220e+00
1.2603796293715779e+00
1.5496737246446854e+00
1.4776739834898835e+00
1.8117345609324116e+00
1.6964503155378994e+00
1.6944254162218975e+00
1.9007352275523162e+00
1.5878415946338262e+00
1.8777406688750626e+00
1.8536512234195690e+00
1.1329710581415895e+00
1.1634032972248127e+00
1.5758356923193202e+00
1.8707931403601388e+00
1.6944532107277785e+00
1.4593379423361386e+00
1.9004362680359819e+00
1.2538847921454002e+00
1.7889995078979659e+00
1.5599025078278945e+00
1.8621965123126489e+00
1.1669306663551355e+00
1.7099313837653591e+00
1.8548519879243228e+00
1.7482282693245259e+00
1.3143680198892480e+00
1.6332652314480680e+00
1.5388179884749351e+00
1.5093087891704287e+00
1.9057578219696416e+00
1.7704786592561201e+00
1.8719285140928730e+00
1.2148779246931358e+00
1.7809385207271375e+00
1.8296383484620375e+00
1.8150077675462686e+00
1.7489947486268220e+00
1.3789879528633411e+00
1.8965623405764667e+00
1.8858631583569476e+00
1.9151195244910921e+00
1.6639765645476494e+00
1.4262065325594913e+00
1.8688067213962873e+00
1.9160214768190236e+00
1.9019407777484001e+00
1.2595369973370805e+00
1.1793717652332687e+00
1.7643527557857228e+00
1.8802923518640124e+00
1.8043417893742781e+00
1.8104438035491572e+00
1.4751269536130156e+00
1.7966731811326913e+00
1.8955372856912565e+00
1.8257881174413595e+00
1.1000000000000001e+00
1.7351368891515850e+00
1.8633855516113691e+00
1.7414607068317294e+00
1.2834618475705251e+00
1.8748231717011121e+00
1.8823217186010757e+00
1.9266574516426120e+00
1.6474560806310814e+00
1.4686133674815023e+00
1.4517347587675800e+00
1.5306849749625022e+00
1.9279063183682019e+00
1.9275598206088902e+00
1.8339347263700303e+00
1.8064438624604831e+00
1.8904472613006691e+00
1.5899586083177704e+00
1.7286991816311437e+00
1.7394372455648397e+00
1.9187407861625856e+00
1.9192637930990497e+00
1.4766677160204389e+00
1.9271577618256821e+00
1.7208227679973920e+00
1.9028565639498811e+00
1.3453856097448429e+00
1.7836025901094383e+00
1.8110418550907024e+00
1.4235480099864406e+00
1.8667085518329987e+00
1.7085579627032752e+00
1.1618801821727593e+00
1.7408613756363318e+00
1.9333023352051892e+00
1.3336292127164198e+00
1.1784651226715825e+00
1.8731745372848896e+00
1.1000000000000001e+00
1.3651903210318479e+00
1.8774274203178094e+00
1.1442510248712838e+00
1.1379537231805050e+00
1.6427653957575474e+00
1.9385218177729056e+00
1.8894620740407435e+00
1.8820852726488773e+00
1.1000000000000001e+00
1.7186938873874593e+00
1.6515775616676336e+00
1.8469461117949066e+00
1.3550826988591345e+00
1.9075499349460192e+00
1.4961190639909336e+00
1.9424725993094967e+00
1.5710455368514282e+00
1.6428538910181927e+00
1.6458017561415199e+00
1.5574257704152494e+00
1.1068275900146649e+00
1.8129882923177398e+00
1.6896813548978826e+00
1.8768635824992146e+00
1.5187802981529210e+00
1.6883544712912537e+00
1.1000000000000001e+00
1.4611084156250611e+00
1.9135650918924758e+00
1.9474327227832067e+00
1.6315225613087418e+00
1.4111387845007202e+00
1.5355776568172144e+00
1.8503763325496654e+00
1.6039475145722430e+00
1.7384364289175038e+00
1.9221350138027005e+00
1.4502321809995218e+00
1.1275912105680708e+00
1.7786508139118775e+00
1.8049889153734338e+00
1.9015096270593936e+00
1.6229831834395365e+00
1.1895070147599582e+00
1.9522277111418784e+00
1.9521848806229933e+00
1.5377176344251697e+00
1.8788423240524916e+00
1.5456396809653925e+00
1.8150600317417571e+00
1.3049083162214246e+00
1.8336548188606381e+00
1.5373424775540829e+00
1.7682990212075995e+00
1.3167136824190011e+00
1.6593773755413981e+00
1.7807905471371892e+00
1.1444259968615411e+00
1.7992967888225262e+00
1.9518092610996429e+00
1.1024959549440783e+00
1.6316910411006307e+00
1.5551053283003706e+00
1.1416082170661053e+00
1.4156191609398763e+00
1.5690464078515731e+00
1.9322649239576559e+00
1.6489220115196466e+00
1.7582281470913959e+00
1.2014178003967966e+00
1.1329776730956049e+00
1.4234807653929913e+00
1.6618464271611137e+00
1.6137596672054129e+00
1.9397736013817881e+00
1.9541096169548786e+00
1.2777153055336792e+00
1.8324470504737076e+00
1.9163248218024735e+00
1.8140361841053845e+00
1.6947756288151066e+00
1.1557657877326928e+00
1.9671497098349806e+00
1.1992787106023017e+00
1.3299980554019368e+00
1.1000000000000001e+00
1.8199444819032511e+00
1.7768223498121614e+00
1.4597363460777493e+00
1.1000000000000001e+00
1.3231788084271388e+00
1.8790083949181646e+00
1.4066911887302445e+00
1.8258320900606642e+00
1.6638883937268618e+00
1.9730831182313695e+00
1.8742426384458486e+00
1.9609918965251238e+00
1.6847451239941531e+00
1.7280906128988485e+00
1.9725327728348412e+00
1.4519098246233275e+00
1.7951668246316239e+00
1.9353877242816981e+00
1.9212180924526419e+00
1.6135578239998765e+00
1.2772721374853344e+00
1.6955742331231207e+00
1.8459390553777810e+00
1.5779500377420204e+00
1.5413211215894673e+00
1.9398396206508424e+00
1.3577569937387162e+00
1.1642365528483876e+00
1.1000000000000001e+00
1.7498366390047746e+00
1.8881549747956161e+00
1.7072772362439539e+00
1.8136427781861282e+00
1.9653902847447948e+00
1.9730400954186951e+00
1.1161433639202345e+00
1.8000413314508092e+00
1.6992784861833947e+00
1.6688954850676243e+00
1.9824941438840333e+00
1.6979672884675621e+00
1.9808541488735081e+00
1.5936169533280879e+00
1.8470778710000442e+00
1.9804648167031904e+00
1.3539189081775291e+00
1.9708605382411677e+00
1.6257373553773040e+00
1.9680223254066835e+00
1.7780769772178002e+00
1.5360307480421556e+00
1.2436462149657954e+00
1.9825420785433010e+00
1.7315244894171444e+00
1.3777752605912783e+00
1.7532341360057184e+00
1.9820829304055390e+00
1.6129374796889804e+00
1.4964866410316220e+00
1.5240929574963844e+00
1.1368928701912930e+00
1.1000000000000001e+00
1.5280066123392337e+00
1.8079212680997094e+00
1.8408500859573005e+00
1.7505327679743141e+00
1.7802383508482913e+00
1.1942995583576537e+00
1.7727451256288784e+00
1.1164664885327871e+00
1.9882986436723433e+00
1.9811836768098441e+00
1.5867849019823674e+00
1.3069232039374481e+00
1.2766155922289077e+00
1.4825610593036818e+00
1.8638007706734827e+00
1.8796265142228219e+00
1.9479166099963465e+00
1.9799846098656355e+00
1.2394395871351398e+00
1.9207510846647700e+00
1.1275573176675797e+00
1.6600065021095811e+00
1.5323268916486388e+00
1.2308955190518114e+00
1.7976906803619330e+00
1.9842587856063860e+00
1.1827937953272432e+00
1.4969790516776675e+00
1.1575347067996893e+00
1.9953263658747713e+00
1.9854725493735113e+00
1.8416045404464079e+00
1.9966539997038202e+00
1.9978217175069282e+00
1.8000288868842995e+00
1.7226740625289496e+00
1.1307705527853098e+00
1.8444987064476503e+00
1.7764928162543656e+00
1.3472394853070273e+00
1.5587000445179253e+00
1.8343349507471634e+00
1.8918509603091971e+00
1.6116315955802529e+00
1.1490231988709352e+00
1.8799858353249799e+00
1.9268029027160958e+00
1.8853222471159394e+00
1.3502503737495657e+00
1.9854986440412299e+00
1.5744878151219452e+00
2.0003057870302428e+00
1.2723620376324722e+00
1.5582867029119312e+00
1.1059608040805224e+00
1.1018286314017294e+00
1.8960622853237021e+00
1.1994612128930262e+00
1.5095378752519797e+00
1.1957693480853702e+00
1.8428557032797799e+00
1.1181860504007515e+00
1.2994741038504660e+00
1.5726752473737557e+00
2.0014418828337823e+00
1.5094717273979061e+00
1.4903102722622330e+00
1.5511812532077103e+00
1.5270163355226354e+00
1.1520759773532649e+00
1.6883182468615860e+00
1.7504819849831050e+00
1.8921006489152798e+00
1.4745442277482912e+00
1.5762349642729721e+00
1.7690762376819407e+00
1.1784410958214446e+00
1.5427184255570554e+00
1.6423759731794649e+00
1.6581451766611173e+00
1.7194615755919300e+00
1.9150013068323894e+00
1.2504996785889630e+00
1.9004163937108816e+00
1.9446961785968588e+00
1.4547327396852949e+00
1.6333305247498726e+00
1.1000000000000001e+00
1.9108465397174370e+00
1.8064611843837970e+00
1.9117691690252210e+00
2.0108930410758599e+00
1.6221666064522453e+00
1.4948722626589728e+00
1.9541589247742126e+00
1.9943268632680504e+00
1.6200392992357853e+00
1.8961207760029861e+00
1.1000000000000001e+00
1.6494221716745276e+00
2.0051760328770385e+00
1.1972949685618419e+00
1.3572132470720610e+00
1.7308095291390333e+00
1.6529348974130520e+00
1.8136433603689066e+00
1.8858658308425722e+00
1.6794013768103515e+00
1.9733679477353636e+00
1.3957445811750020e+00
1.6044637863142166e+00
1.5855896577192676e+00
1.8026851568311941e+00
1.9771051989876653e+00
1.6123886364624243e+00
2.0163217806287972e+00
1.1000000000000001e+00
1.1435587366607121e+00
1.7062111838468554e+00
1.2487770202639246e+00
1.4127281587795513e+00
1.3584175228559909e+00
1.1636928638992217e+00
2.0105985843576186e+00
1.9305633788784866e+00
1.5836852250514906e+00
1.6676420001927421e+00
1.9917063523568848e+00
1.9775553666731933e+00
1.9458328305382908e+00
1.7465937227503596e+00
1.8934743345588241e+00
2.0177110265647098e+00
1.5349223147205395e+00
1.3816911803952243e+00
1.1459710467596924e+00
1.9638552816462491e+00
1.3151257336548288e+00
1.5044597410599241e+00
1.2814980710291033e+00
1.6133937146931077e+00
1.3282823291496533e+00
1.7295236965407870e+00
1.9685558704503014e+00
1.7932423972942468e+00
1.1016344668284530e+00
1.8543067872843091e+00
1.6257219981036548e+00
1.5522588161796271e+00
1.4292023684794815e+00
1.7237929106294225e+00
1.8776985477567796e+00
1.3749440661909049e+00
1.9533796354831761e+00
2.0223676496057656e+00
1.8969951777456631e+00
1.9856457630878497e+00
1.5909000132427142e+00
1.8638729150219071e+00
2.0084403709087639e+00
1.7677846227409713e+00
1.6006499954697888e+00
1.6762797036971353e+00
1.8611118155426964e+00
1.9778616508204199e+00
1.3700906231724526e+00
1.7890144551162945e+00
1.6842477225276322e+00
1.2898876092915699e+00
1.3235733380022368e+00
1.2318023464232606e+00
1.6074064967533317e+00
1.9487986391214882e+00
1.5050845515834765e+00
1.7978091517460095e+00
1.5252161352387306e+00
1.7529435947734615e+00
2.0333548299807123e+00
1.5416815192142834e+00
1.5823409238316333e+00
1.2217274534456750e+00
1.7571764852846372e+00
1.6817658601563679e+00
1.7053704029686048e+00
2.0345642790959744e+00
1.1117591379059200e+00
1.1830926141280160e+00
2.0262983858078600e+00
2.0186701121376371e+00
1.4217956700995726e+00
2.0148690217074270e+00
1.4284933885140729e+00
2.0297000854778955e+00
1.2737196923954235e+00
1.6213596285353251e+00
1.3531351683386765e+00
1.6415901007495997e+00
1.9860452071468782e+00
1.8818541250356460e+00
1.7175328655275164e+00
1.1000000000000001e+00
2.0041973575949901e+00
2.0082688642975564e+00
1.9336206731321948e+00
1.5529545680535628e+00
1.8517420304685741e+00
1.9823662290493171e+00
1.7267613643266124e+00
1.1000000000000001e+00
1.7165606494754053e+00
2.0390078642652010e+00
1.8289443010720803e+00
1.7813357506821981e+00
1.8483107940830894e+00
2.0380213470160555e+00
1.9715411484618524e+00
1.5212429463809101e+00
1.2766720188790788e+00
1.6687861148672061e+00
1.2392648266013535e+00
2.0418246157961955e+00
1.9976928001757768e+00
1.8121282047106408e+00
1.1096345663438245e+00
1.7651143079740075e+00
1.8560553130919601e+00
2.0323356143805800e+00
1.2814284888809258e+00
1.5465466564978878e+00
1.1476340918889789e+00
1.6844410675968797e+00
2.0245553256967685e+00
2.0440396130525067e+00
1.7433254491724288e+00
1.6140745412619615e+00
1.2452177153948421e+00
1.9827488880698712e+00
1.5028565289056226e+00
1.2917164819113007e+00
1.6403887186984170e+00
1.9060871297184554e+00
1.5688243151367869e+00
1.3443540659217466e+00
1.7288237762614094e+00
1.9759721122110938e+00
1.9541491389389039e+00
1.3361036942859481e+00
2.0457111733205506e+00
2.0221241282142102e+00
1.9603648947254184e+00
1.8916016361675472e+00
2.0401266251491177e+00
1.6313684270997379e+00
1.9680590695890043e+00
1.1657341757385642e+00
1.3332339484038243e+00
2.0423501881430441e+00
1.5181743417119988e+00
1.5223053835823226e+00
1.9537612919446949e+00
1.9793089853825863e+00
1.4554774617538746e+00
1.4585827044958328e+00
1.1508757213893099e+00
1.9006009317952983e+00
1.7184257821355327e+00
1.4538750544673193e+00
1.9032104987944782e+00
1.2426849819651227e+00
1.8510885185776196e+00
1.8772195552885471e+00
1.8960489513918586e+00
2.0370439140013059e+00
1.4980147066371130e+00
1.1430103351119703e+00
1.8545882928577067e+00
2.0122316395321636e+00
2.0052440816719850e+00
2.0337783638967322e+00
1.1000000000000001e+00
1.1039616948585360e+00
1.7484690070395599e+00
1.4325582078439589e+00
1.9937863045895967e+00
1.1000000000000001e+00
2.0472737512887695e+00
1.8692979173647757e+00
2.0546514617488110e+00
1.4060331344557222e+00
1.5209669187863615e+00
2.0118424033577367e+00
1.9748714202887210e+00
2.0452112969179890e+00
1.7085956922064851e+00
1.8203038767897584e+00
2.0374703219876364e+00
1.8002912493625454e+00
1.3339908359211934e+00
1.2642365851511210e+00
1.4714154913906674e+00
1.3229632366576529e+00
1.7697379179531274e+00
2.0601763868610901e+00
1.8974855120863656e+00
1.7514526068216205e+00
1.7091549733236462e+00
1.5322665314950688e+00
1.3891592649509428e+00
2.0514560270155742e+00
1.5290685566766922e+00
1.1000000000000001e+00
1.3654601634514933e+00
1.9754264154265337e+00
1.4123686470960364e+00
1.9317708871850483e+00
1.9649601542452186e+00
1.1133653388718006e+00
1.5881285357800041e+00
1.1862204087482233e+00
2.0301202871586432e+00
1.9904951335093788e+00
1.9696051614711401e+00
1.9142010307316435e+00
1.7697031578496032e+00
1.8985769180376952e+00
1.9818445096412152e+00
2.0621845374828656e+00
1.5504810595517067e+00
1.5393605786735978e+00
2.0482325560638603e+00
2.0422577768747030e+00
1.7204015366203951e+00
1.1749739727542627e+00
1.5632383504775156e+00
1.2337791111933858e+00
2.0549651752773288e+00
2.0635238763653523e+00
1.3065146330025597e+00
1.7614013995333440e+00
2.0245567790955592e+00
1.4802134175273594e+00
2.0411886429459694e+00
2.0248628334566119e+00
1.7017207731756483e+00
1.2080961490098621e+00
1.8349301398637556e+00
1.8115211436648917e+00
1.9961118150226647e+00
1.6674217541952769e+00
1.7548128633714322e+00
1.7182035233760671e+00
1.1000000000000001e+00
1.5270670930374737e+00
1.9515251115461307e+00
1.6121433552925417e+00
1.8830216119512793e+00
1.9768681028663506e+00
2.0656698669286024e+00
1.7903643353112615e+00
1.1000000000000001e+00
1.6899900759301163e+00
1.3267811515311223e+00
2.0102011548691112e+00
1.5584558423364028e+00
1.7667738783601725e+00
1.1000000000000001e+00
1.5077569296817601e+00
1.4761444418826688e+00
1.4288446125346967e+00
2.0430042592269277e+00
1.1670304237172544e+00
1.8205221604966277e+00
2.0721197078116269e+00
1.8639622417355919e+00
1.6058986367389738e+00
1.7678131395904315e+00
1.3026863778780065e+00
1.2575906708868749e+00
1.2485511859992282e+00
1.9253254001898015e+00
1.1000000000000001e+00
1.8990200050873476e+00
1.8785731680805982e+00
1.9816340228976759e+00
1.5626137705765037e+00
1.6294086841334359e+00
1.2568173859453402e+00
1.1971915439002061e+00
1.8871391823022865e+00
1.2441860968150573e+00
1.6743859990397474e+00
2.0330714441211661e+00
2.0370885826457301e+00
2.0748640697061638e+00
2.0662494365037829e+00
1.1042804332620171e+00
1.1000000000000001e+00
1.8230575843898491e+00
1.1206183195871111e+00
1.8619103766568812e+00
1.6976955709842256e+00
1.6270971320151613e+00
1.6226446114308328e+00
1.1680573532134375e+00
1.7524559756311540e+00
2.0779842508644784e+00
2.0253425790103528e+00
1.9411727734681623e+00
1.5087959208616959e+00
1.7553862479918554e+00
1.3276957028963805e+00
1.6867390542408671e+00
1.4842314459375068e+00
2.0632346625470768e+00
1.7251716080841084e+00
2.0182969806878912e+00
1.9893244356614899e+00
1.4360739989489022e+00
1.2544904352711057e+00
2.0430347381760132e+00
2.0519473268268347e+00
1.8411667769679487e+00
1.9890917246159454e+00
1.5557108590791744e+00
1.6290615985072983e+00
2.0665698507038259e+00
1.8588775070180918e+00
1.2819788395417044e+00
1.8819554105140492e+00
1.2849857647229550e+00
2.0824670001429926e+00
2.0793582091135998e+00
1.4173004133075580e+00
2.0135133819376687e+00
1.9786164029874083e+00
1.6168566734834318e+00
1.6665743721093993e+00
2.0759878706671855e+00
1.1030213563022495e+00
1.1535827347381105e+00
1.1000000000000001e+00
1.5657204144949297e+00
1.6774935533752287e+00
2.0834990314806006e+00
1.3192441241074444e+00
1.1000000000000001e+00
2.0661053716493436e+00
1.6022712792497622e+00
1.4947386684045116e+00
2.0650754340019577e+00
1.8089729741680451e+00
2.0685282805630139e+00
1.5412776782799482e+00
1.9309457343439673e+00
2.0801175158582161e+00
1.2838074102571935e+00
2.0612420319918048e+00
2.0828671024819445e+00
1.2732147576933519e+00
1.8667584270244699e+00
1.7138545163185634e+00
1.9934600924004373e+00
2.0041536469775867e+00
2.0640833797052247e+00
2.0779877119299588e+00
1.7364660476821381e+00
2.0290652254131127e+00
1.9962121599613774e+00
1.4587221729516140e+00
1.9472735974206714e+00
1.3372332797623316e+00
2.0846258793902681e+00
1.3108584366733176e+00
1.6127025265981063e+00
2.0820289049938525e+00
1.3279618443670216e+00
1.1563332298772127e+00
1.1349217170189680e+00
1.1000000000000001e+00
1.8728953869068916e+00
2.0872395956527612e+00
1.8436169567072642e+00
1.8739514880376251e+00
1.1071197944700613e+00
1.1040641501255266e+00
1.6640850763297970e+00
1.9933988197982353e+00
1.3037489558147091e+00
2.0787354497612860e+00
2.0493529384386933e+00
1.1000000000000001e+00
2.0883788732167110e+00
1.1008893970708029e+00
2.0793172910868640e+00
2.0130236009764904e+00
1.5777295799920767e+00
2.0882389578929654e+00
1.5322667615305352e+00
1.7321225292708500e+00
1.2152233524120004e+00
2.0412888106822775e+00
2.0781978516953483e+00
1.5063818691377822e+00
1.7090609142167681e+00
1.5471441641601484e+00
1.7003321371203657e+00
2.0863916303058003e+00
1.9438373344110405e+00
1.7520047919273176e+00
1.6019846389177643e+00
1.1838971637976363e+00
1.7614125875267210e+00
1.7597984219625069e+00
1.1000000000000001e+00
2.0150017917455196e+00
2.0506385790609394e+00
1.8864772077117260e+00
1.6225354026953989e+00
1.3832612987399344e+00
1.1567973076314759e+00
1.3518599815661783e+00
1.2319071182139358e+00
1.3623157142211864e+00
1.5985621432108537e+00
2.0535250395717748e+00
1.7483320291347535e+00
1.1982479424514114e+00
1.9511042625063784e+00
1.9535399172292154e+00
1.4242331686676903e+00
1.4007618646859583e+00
1.9995513654115944e+00
1.6258195980393175e+00
1.6044067259621400e+00
2.0461606817632565e+00
2.0929332202811186e+00
1.7259580638546601e+00
2.0915475944962583e+00
2.0840511807608206e+00
1.7999525813181012e+00
2.0417205596109862e+00
1.9068635006437100e+00
2.0936018775152445e+00
1.8504248652041808e+00
1.5347792356091787e+00
1.4924923016312814e+00
1.5602539753794389e+00
1.5261143716896741e+00
1.2050749167760511e+00
1.7462431483246539e+00
1.4001965063400543e+00
1.9789837872781517e+00
1.8468240914379876e+00
1.1745168640036723e+00
1.1616588933619660e+00
1.3469821517075691e+00
1.4336901401837245e+00
1.7345613501382486e+00
1.4230002710636664e+00
2.0926011026748754e+00
1.9769958395323415e+00
1.7355328702890045e+00
1.8065693418134621e+00
2.0592934948243617e+00
2.0383228066193824e+00
1.9984153842034837e+00
1.8295803370480401e+00
1.5700788400375341e+00
1.9246085635714125e+00
2.0559622670611328e+00
1.9881498726194171e+00
1.3929993170487798e+00
1.4457607782868602e+00
1.5008014840528434e+00
1.5131256851681878e+00
2.0961387989078908e+00
1.7536482330432370e+00
1.5093153900443053e+00
1.9748420623295853e+00
1.3662078000185931e+00
1.8435905218220872e+00
1.5358884424790851e+00
1.3389308156406692e+00
1.8572876323744518e+00
2.0734561092380543e+00
2.0656711583193399e+00
2.0962702516107696e+00
1.9534995504608368e+00
2.0551649730113253e+00
1.3715367841206643e+00
1.1064464242693477e+00
1.5147850780137164e+00
1.5835796760595815e+00
1.7214293985156557e+00
1.7742287125286915e+00
1.1820337917076424e+00
2.0531858684471640e+00
1.7945328178356030e+00
2.0032835468349934e+00
1.1000000000000001e+00
2.0619241436600779e+00
2.0199847387538497e+00
1.3286185115349971e+00
2.0291559688886083e+00
1.1171743282605915e+00
1.9310799533273739e+00
2.0089220485895476e+00
2.0143302772726566e+00
1.4565467731659902e+00
1.1050419086448415e+00
1.8688709082290706e+00
1.9429842698387936e+00
1.1098036654573236e+00
1.2648559758530402e+00
1.6893778962610724e+00
1.1000000000000001e+00
1.1576398754618153e+00
2.0853721504793592e+00
1.6772287832793218e+00
1.7689718204367222e+00
2.0272316258845722e+00
1.9992775938562195e+00
1.1114869294451082e+00
1.9217439092569255e+00
1.1000000000000001e+00
1.6297981398888233e+00
1.2826160964801161e+00
1.2827554597015116e+00
1.6256588314919567e+00
1.1946166792781270e+00
2.0882346229132507e+00
1.8077818142314634e+00
2.0949790178223191e+00
2.0954339108339162e+00
1.1311633484724855e+00
1.8170048998436419e+00
1.8942833883664143e+00
2.0946344768593987e+00
1.2275847008232590e+00
2.0437681180863692e+00
1.9136708443578145e+00
2.0171896622148071e+00
1.9135864428000500e+00
1.4213807223638186e+00
2.0695981623587487e+00
1.6706772122357822e+00
2.0981140069718172e+00
1.9123246555533422e+00
1.6759262949742351e+00
1.8136575466601119e+00
2.0550610565444378e+00
1.1023870448644182e+00
2.0953220928292691e+00
2.0850753872068077e+00
1.8264516002209710e+00
1.5943795606963687e+00
1.9747210354087472e+00
1.9867347640740374e+00
1.9552914323820472e+00
1.8512171269276252e+00
2.0289228290663148e+00
1.1000000000000001e+00
1.5677293251925049e+00
2.0900542994613440e+00
2.0929150574295412e+00
2.0951504653612836e+00
2.0517615187233016e+00
1.3986599646779361e+00
1.9529461512034565e+00
1.7379764837236191e+00
2.0192559168504047e+00
1.6372618237631344e+00
1.3633867956133485e+00
1.2888541107342630e+00
1.2472612805259917e+00
2.0926128201286369e+00
2.0481436469523664e+00
1.9428406938893039e+00
1.1636378591990406e+00
1.8563290031265818e+00
1.8180402621062126e+00
1.1000000000000001e+00
1.9357037040534244e+00
2.0800328874864298e+00
1.5373320482308672e+00
1.8030255438114939e+00
1.5900127727566573e+00
1.9000984376774075e+00
1.1319192961518338e+00
1.6139000675609352e+00
1.4804291926902613e+00
2.0666457780878358e+00
1.8514815356453325e+00
1.9694232468439081e+00
1.4799129708500367e+00
1.9444281641475394e+00
1.9457760013750589e+00
1.2608279757135255e+00
1.2062924760870799e+00
2.0562705576125828e+00
2.0857624152568972e+00
2.0980719210949874e+00
1.8237775476210383e+00
2.0807726366050581e+00
2.0983595051795172e+00
1.2567991520939430e+00
1.5086948034772447e+00
2.0382655497092297e+00
1.7089068891576684e+00
2.0646008161148011e+00
1.9595538003486292e+00
1.6866332163307871e+00
1.3568594631763575e+00
1.1027811628963229e+00
1.2991524342622973e+00
1.3600995292502236e+00
2.0263695079437727e+00
1.6751892523283602e+00
2.0647499508523492e+00
1.7918893627670895e+00
1.8561634248434247e+00
1.5325609290083788e+00
1.7756422622420853e+00
1.4474316549538557e+00
2.0071506537465886e+00
1.6656715872646841e+00
1.3626752939404858e+00
1.8568387006182896e+00
1.9911717265438036e+00
1.4443713897361312e+00
1.8031250793112663e+00
2.0856482322651160e+00
1.4731503587007528e+00
1.3122027848340212e+00
2.0504234791318003e+00
1.9034169380489983e+00
1.7432464529813891e+00
1.9141710044559970e+00
1.5530743387435395e+00
2.0907818280008867e+00
1.9677465345769412e+00
1.1000000000000001e+00
1.7580267959303144e+00
1.2921249489763249e+00
1.9417668349829109e+00
2.0491034578083993e+00
2.0988316838965586e+00
2.0839795881793091e+00
1.3340717161835129e+00
1.2770709854430748e+00
2.0951465233933506e+00
1.6287765063716773e+00
1.6912898969338941e+00
1.9994057674301673e+00
1.6034477238992559e+00
1.9374118535122800e+00
1.2020423782309810e+00
1.4750249598989871e+00
1.8228252492371400e+00
2.0913375977730371e+00
1.8525536793244211e+00
2.0364202939090350e+00
1.7218358583128075e+00
1.9922154882800671e+00
1.4325834097219248e+00
2.0551348622154357e+00
1.5576898912065806e+00
1.8398020220904894e+00
2.0403157760980308e+00
1.6259083231973190e+00
1.2038160123598363e+00
1.7708283376263620e+00
2.0214835987028263e+00
2.0988684123523553e+00
1.6670499519568522e+00
1.2500709574312368e+00
1.6803982149606600e+00
2.0427064599041875e+00
2.0365828321850290e+00
1.2138046870151309e+00
1.2506809723105503e+00
2.0482316931951408e+00
2.0255620634426270e+00
1.1000000000000001e+00
1.9151850242855761e+00
2.0869277151396970e+00
2.0922352722349626e+00
2.0544635890672520e+00
1.2659926365811085e+00
2.0651636793945980e+00
2.0035320268286405e+00
2.0915625249306857e+00
1.1963694912527336e+00
1.5791876866238692e+00
2.0627816207712670e+00
1.3252262269508688e+00
2.0912803235879078e+00
1.6563429503463871e+00
2.0955561590602865e+00
1.9712008129014797e+00
2.0701320070490574e+00
2.0721748426506212e+00
1.7150456306147612e+00
1.6740286626386349e+00
2.0923648415648826e+00
2.0954590794081036e+00
1.6661226634527739e+00
1.6833189449501544e+00
2.0335833253640749e+00
1.2246286505083812e+00
1.7191530314845600e+00
1.6609378616976960e+00
1.1923231768655198e+00
1.8789723729849119e+00
1.9658276091981635e+00
1.5812621419868214e+00
2.0647854369443750e+00
1.6855709642656520e+00
2.0858334229133964e+00
1.1000000000000001e+00
2.0952553531264781e+00
1.9199178567535597e+00
1.5102265656249771e+00
1.5374705541463720e+00
1.7047859203478772e+00
2.0438087816056840e+00
1.8982425977800812e+00
1.1138236352492115e+00
2.0292983122234811e+00
2.0227909196362663e+00
1.9041173636091508e+00
1.3215532978264581e+00
1.9413258670386389e+00
1.8813655682874209e+00
1.8792445487752609e+00
2.0895264654443215e+00
1.9345020843021670e+00
1.4558048089335789e+00
2.0912637549833835e+00
1.1560675814070105e+00
2.0118691132941300e+00
1.7689731982476276e+00
1.9294714217728961e+00
1.2556650763579891e+00
1.2590605594180226e+00
2.0933516444469582e+00
1.6968947985664795e+00
1.3682178305176869e+00
1.2107365655503282e+00
1.9958394359416394e+00
1.4486138250749534e+00
2.0789968934995056e+00
1.5592405114226922e+00
1.7843447033070110e+00
2.0888464491288645e+00
2.0932974960815369e+00
1.4813226670310820e+00
2.0935483704605176e+00
1.2775658464330621e+00
1.1000000000000001e+00
1.9583352067990707e+00
1.9439894505538045e+00
1.7985677984633437e+00
1.7489216897584388e+00
1.8439775877488709e+00
1.4725007275796687e+00
2.0542610744468823e+00
1.9603000119403529e+00
2.0058611739401315e+00
1.9934213975885458e+00
1.4333642073044739e+00
1.1000000000000001e+00
2.0186465513787906e+00
1.8403464892161052e+00
2.0773655783562952e+00
1.8513160977976595e+00
2.0901671020175234e+00
1.6168072400549320e+00
2.0714437581922165e+00
1.9127517827664018e+00
1.2402532663928967e+00
1.6626815977517377e+00
1.1000000000000001e+00
1.2243374669303106e+00
1.3623891877039225e+00
2.0559461851161949e+00
1.4016114020676156e+00
2.0245232901166799e+00
1.8422061993465575e+00
1.3357270632048941e+00
1.8604765178361256e+00
1.8118093226760470e+00
1.1446416164725615e+00
2.0742394172072380e+00
1.8179964200515197e+00
2.0528965630779297e+00
1.8938490552603739e+00
2.0709590469336501e+00
1.8864914240046784e+00
2.0107279991654954e+00
2.0590921941112796e+00
1.2333821544308146e+00
1.4142463170886239e+00
2.0884702317395889e+00
1.7352954963236260e+00
1.3697917547410308e+00
1.8577716152988464e+00
1.8662425678696721e+00
2.0261994602117426e+00
1.1694933721373542e+00
2.0717338871934126e+00
2.0357555318973404e+00
1.1306660858092752e+00
1.9502439751894451e+00
1.9298617054148792e+00
1.5599812430593425e+00
1.1567894314422096e+00
1.5630294826783770e+00
1.8094116708586019e+00
2.0658697056951083e+00
1.5000991873443925e+00
1.1701869649636125e+00
2.0803261203453811e+00
1.7570151554917299e+00
1.9519618981037354e+00
2.0139545287927456e+00
1.7300162983614216e+00
1.5281512143191509e+00
2.0402461940350887e+00
1.2475757658783257e+00
2.0473644954917081e+00
1.7153829816527348e+00
1.9995507801852244e+00
2.0631086627092623e+00
1.4317294554380704e+00
1.8620888954925698e+00
1.9790924669202359e+00
2.0666844383498870e+00
1.2725372735084541e+00
1.4257180261247515e+00
1.5819456749593139e+00
2.0826998170198920e+00
1.6897649378241579e+00
1.9916187115808901e+00
2.0605897111346234e+00
2.0080519807919144e+00
1.1000000000000001e+00
2.0630967592309801e+00
1.5686385309820141e+00
1.2909324514702458e+00
1.2523433276213431e+00
1.1166334532450459e+00
1.7038577879459242e+00
1.5901242128145729e+00
2.0454348086097509e+00
1.8400043800713282e+00
1.1423241679169311e+00
2.0586040621171247e+00
2.0634760731220632e+00
1.5738822241782628e+00
2.0723847069698547e+00
1.6510649852642498e+00
1.4796305774742853e+00
1.5315482253066588e+00
1.9340957663874450e+00
2.0131792515254676e+00
2.0707484673907555e+00
2.0758772640018237e+00
1.3802989508730763e+00
1.6071704760241963e+00
1.1772623844890213e+00
1.8173290821088128e+00
1.8673394129858600e+00
2.0456898058140185e+00
1.7270024595568914e+00
2.0801724591735535e+00
1.4160099904566446e+00
2.0807590609298305e+00
1.7471372096568751e+00
1.6610861121811782e+00
1.1000000000000001e+00
1.9528862640085047e+00
2.0053959222527982e+00
1.7463115184876368e+00
1.4237752952573459e+00
1.1103768838008556e+00
2.0290615257573457e+00
1.9304894039494194e+00
1.7160875317872470e+00
1.9069652103446113e+00
1.7691701058604150e+00
1.2671439033308125e+00
2.0532217895937293e+00
1.8076802481840129e+00
1.8749590643736436e+00
2.0596137991540826e+00
2.0610595546190087e+00
1.7483623386397975e+00
1.7767498977912766e+00
1.6811562447354504e+00
1.2570860774127417e+00
2.0712688679788336e+00
1.1000000000000001e+00
1.5819909864123525e+00
1.3840928884513561e+00
2.0027553881914346e+00
1.1230078491517261e+00
1.4898498735387609e+00
1.5319685923929309e+00
1.9973586507432455e+00
1.4921593022076352e+00
1.8357667371750006e+00
1.6724288240869771e+00
1.1000000000000001e+00
1.1246122539918970e+00
1.3093700117429994e+00
1.8515059958755824e+00
1.7451322783400063e+00
1.3394703333287989e+00
2.0751493392461606e+00
1.1119433478631064e+00
1.4372499602785409e+00
2.0468292281217644e+00
2.0748025499340641e+00
2.0480079166709264e+00
1.6091041445981431e+00
1.6753582884288660e+00
1.9823536327461879e+00
1.3327282847263766e+00
1.6368275581231744e+00
1.9846330505036553e+00
2.0484965444464995e+00
1.1698727063430858e+00
2.0612445772450125e+00
1.8610980693910106e+00
1.8490796932061637e+00
2.0217502939706717e+00
1.1609280524731889e+00
1.5824498996898142e+00
1.5099671976152125e+00
1.9138700372306454e+00
1.5095152417360553e+00
1.9316115522110586e+00
2.0209244227828593e+00
1.7406735404746247e+00
1.4038587672197593e+00
1.5896820606736228e+00
1.8178211587082023e+00
1.9297749583230974e+00
1.2338362569991195e+00
1.8499552103987682e+00
1.7527264978574530e+00
1.6556987259728366e+00
1.6287768111625882e+00
2.0657251530657117e+00
1.1420821803973018e+00
1.5949338847817036e+00
2.0647879585226780e+00
1.3028443175609716e+00
2.0550960561648854e+00
1.4554642966653664e+00
2.0098082694948909e+00
1.1000000000000001e+00
1.1623981739815670e+00
2.0663559884836844e+00
1.6337483874949417e+00
2.0222443395877692e+00
2.0421415555490601e+00
1.1422395845365552e+00
1.5063004846483683e+00
2.0256366058066133e+00
2.0183592988916952e+00
1.2375712825341696e+00
2.0034112184556387e+00
1.6967130657017691e+00
1.6826709455754898e+00
2.0601846594859743e+00
1.7834876047497912e+00
1.3476430610867558e+00
2.0644128020692154e+00
1.3397910717063968e+00
2.0483103421987399e+00
1.6355603965554488e+00
1.4360882326010107e+00
1.5679822708303726e+00
2.0564470542138511e+00
1.5745823603215516e+00
1.8760780211922210e+00
1.7188654593472461e+00
2.0177024055056014e+00
1.7672357240239112e+00
1.8706164216171632e+00
1.1249463170749385e+00
1.9706342830026942e+00
2.0631684653942881e+00
2.0525477040275821e+00
1.5183768241898474e+00
1.7859992092596699e+00
1.3732206922489023e+00
1.9945476912179507e+00
1.5209785916047134e+00
2.0580048497881847e+00
1.5823742363090987e+00
2.0251739189728775e+00
1.6548026910218483e+00
2.0259079543279652e+00
1.4509532151899704e+00
1.8824951455055352e+00
1.6138007796605558e+00
1.9641235864205302e+00
1.8933798586897390e+00
1.3237036467709027e+00
1.1400105882564593e+00
1.1022647036689959e+00
1.1000000000000001e+00
1.7410713700927714e+00
1.9476470135300770e+00
1.8609664631472604e+00
1.2037634236860910e+00
1.6957174848284131e+00
1.2346624384522524e+00
2.0271424854357125e+00
1.4480969768835830e+00
1.9258058049164000e+00
1.7307147771924869e+00
1.8017360227040882e+00
1.9990792362363745e+00
1.7823638588767921e+00
1.6345799633822378e+00
1.1679848996091009e+00
2.0547539098341581e+00
1.9046646329645407e+00
1.8111882170494538e+00
1.9428869271995086e+00
1.1521921408634588e+00
1.1516940672149820e+00
1.1000000000000001e+00
1.1000000000000001e+00
1.2687164085634013e+00
1.7518901760314047e+00
2.0435755009750274e+00
1.9765903700233145e+00
1.9443548637212518e+00
1.1186306553060630e+00
1.7767240335366365e+00
1.9677658426025553e+00
1.6386186978423964e+00
1.6782266447961272e+00
2.0509446301097247e+00
2.0246534887641494e+00
1.6988677989874110e+00
1.8887092797873928e+00
1.5013618741426036e+00
1.9717903000983938e+00
1.8879892705055288e+00
1.8231764027438742e+00
1.7806730361052818e+00
1.4193675234019569e+00
2.0483953383943065e+00
1.6267552454874523e+00
2.0420924195024575e+00
1.1955002813404521e+00
1.6920760982073186e+00
2.0480179776404817e+00
1.6541762287032791e+00
1.3726115955017206e+00
1.1000000000000001e+00
1.7646503062962824e+00
1.9525433815752558e+00
1.7268480169430771e+00
1.2087370814754959e+00
1.7255182638348987e+00
1.2820095266398253e+00
2.0166115187894218e+00
1.5671943380591520e+00
1.4850452320377674e+00
1.7407990097614068e+00
1.9478531763105953e+00
1.6585457580060186e+00
1.9628087119187438e+00
2.0408230307123403e+00
2.0111620507288626e+00
2.0430553429311522e+00
2.0350222706904528e+00
2.0238676637332058e+00
1.6432238348842652e+00
1.9966551323833235e+00
1.1000000000000001e+00
1.9942072960248269e+00
1.5670171465928902e+00
1.5814734968861850e+00
1.5631090230999656e+00
1.5968562159043227e+00
1.2124270845545040e+00
1.6978060966482482e+00
1.8068044049018370e+00
2.0272664747645228e+00
1.2547777065893015e+00
1.5824099380927872e+00
1.2373042606678393e+00
1.5811124409946600e+00
1.5900311338418476e+00
1.5176087124646760e+00
1.4518971678969523e+00
2.0345139601155662e+00
1.7150508882952191e+00
1.8542854653363774e+00
1.8037670359850260e+00
1.3221487901370359e+00
1.5714489236410865e+00
1.3541123776953987e+00
1.9317064783010836e+00
1.9772356313927932e+00
1.9194592518444298e+00
2.0383088790947861e+00
2.0322221994263541e+00
1.9819607380121613e+00
2.0289620819619101e+00
1.1856721192022825e+00
1.4127693765654121e+00
2.0323203709692299e+00
1.4638878099987336e+00
2.0028596715632601e+00
2.0132309500753163e+00
2.0101746312384332e+00
1.8835122140624081e+00
1.7661562550455361e+00
1.9756250200112531e+00
1.5014861755959370e+00
1.6133582586029926e+00
1.9842715860802014e+00
1.9155243622360827e+00
1.9664767420693956e+00
1.7841818615187717e+00
1.1676311803390538e+00
2.0319624783894099e+00
1.4233491882414344e+00
1.8180484970237227e+00
1.4399257056059149e+00
2.0336313901410183e+00
1.4694184845155942e+00
1.1000000000000001e+00
1.6911613942850603e+00
1.3776206661695829e+00
2.0275551920489647e+00
1.5523797190747677e+00
1.7899869429054358e+00
1.2951738602470972e+00
2.0305468078169806e+00
2.0298490492655281e+00
1.8259428145037768e+00
1.3954182750476112e+00
1.7265217752731241e+00
2.0286504261983911e+00
1.5033839404155627e+00
1.5155722035765524e+00
1.9154890823746156e+00
2.0091544085004904e+00
1.1800807418472625e+00
2.0273302580547439e+00
1.9229672959576258e+00
1.8773423706118730e+00
1.3141478225201393e+00
2.0238873628472405e+00
1.9562602247046199e+00
1.6421962121670153e+00
1.1957472900391439e+00
1.7219259852549411e+00
1.9582638545595001e+00
1.1000000000000001e+00
1.1888032357890912e+00
1.8669323034452769e+00
1.1248674638038680e+00
2.0227790223125708e+00
1.1000000000000001e+00
1.9959169820431926e+00
1.3152656948131121e+00
1.8328731999577534e+00
1.8212941026833105e+00
1.9906489406667527e+00
2.0174665622070584e+00
1.7350218483390836e+00
2.0184262814391016e+00
1.9661239748811354e+00
1.1322136798157123e+00
1.8472600160653687e+00
1.3126714509241957e+00
1.5369602119972428e+00
1.9307096008190503e+00
1.6633759638445040e+00
1.9421633421817202e+00
1.2742751341291350e+00
2.0122623560939417e+00
1.9209223573425935e+00
1.3572620306503425e+00
1.9115023187394808e+00
1.9898016347712650e+00
1.2183570097350251e+00
1.8963003364010638e+00
1.6728123878519578e+00
1.3063739914012740e+00
1.2549060754318770e+00
1.1000000000000001e+00
2.0047261218369310e+00
1.9763149279652050e+00
1.8677734960069614e+00
1.3446138530591820e+00
1.9244584157069708e+00
1.9863139864327888e+00
1.8992979539297710e+00
2.0172484709695935e+00
1.5173779825710383e+00
1.3710030493917682e+00
1.2573713925325085e+00
1.4015723865243759e+00
2.0135002464299028e+00
1.5814627503870782e+00
1.1104281608886826e+00
1.9888687514203709e+00
1.5078829752951810e+00
1.9668517479178091e+00
2.0159935362339820e+00
1.7415159195490391e+00
1.1092605055689135e+00
1.2048934151160386e+00
1.8879534713462232e+00
1.7672242095289541e+00
1.1969584534111990e+00
1.2865666861408305e+00
1.9245103920207403e+00
1.1923345745471969e+00
1.2866369046559383e+00
2.0047542858036742e+00
1.9860825267973974e+00
1.3393163880831780e+00
1.1373058196002532e+00
1.9453094367207004e+00
1.9772234555948920e+00
1.8668722537832307e+00
1.8116999606713009e+00
1.9139673919640452e+00
1.7992920690150065e+00
1.3725683628476946e+00
1.7840929931284997e+00
1.7851636882203159e+00
1.3484321453859380e+00
1.1000000000000001e+00
1.3489700488884486e+00
1.1377636981267993e+00
1.9915400693902743e+00
1.6323045835349002e+00
1.9881555718020603e+00
1.7139679844743267e+00
1.1000000000000001e+00
1.6857825548443826e+00
1.9883589853641126e+00
1.3649195962874416e+00
1.9213383317829857e+00
1.6866217276801734e+00
1.7464397851351492e+00
1.5743169593238699e+00
1.3104292439772687e+00
1.9582613709744852e+00
1.9927128900836648e+00
1.9749751329916549e+00
1.8822229035258964e+00
1.6608040102556738e+00
1.9880209833118831e+00
1.7207660499036608e+00
1.6337666221610798e+00
1.4078751240418135e+00
1.1470219330224842e+00
1.9212634246790059e+00
1.6328411093624489e+00
1.8815066681907435e+00
1.5437713960889783e+00
1.1000000000000001e+00
1.2361916909665438e+00
1.1000000000000001e+00
1.2613692259473308e+00
1.9918090661056640e+00
1.9908326793556461e+00
1.2953270798895231e+00
1.8464459530013138e+00
1.8089877916754207e+00
1.1000000000000001e+00
1.7467781167993282e+00
1.9199166896337965e+00
1.4676965317509734e+00
1.9561004511457538e+00
1.7515573332979069e+00
1.1385769520495974e+00
1.9909126674041175e+00
1.7557175545157757e+00
1.9617937397945273e+00
1.5494541934021133e+00
1.5231094869140804e+00
1.7166702665497335e+00
1.1000000000000001e+00
1.1875386187131001e+00
1.8654346216358328e+00
1.3920025812330499e+00
1.9103652067457184e+00
1.9853960194075229e+00
1.1297479537713979e+00
1.8991502082528660e+00
1.9680909935173352e+00
1.6040110580496549e+00
1.8197898373821488e+00
1.6816330485738118e+00
1.9326152679273016e+00
1.7196117462526757e+00
1.4400757196051202e+00
1.8811344132978836e+00
1.7985372414562968e+00
1.9823017945777637e+00
1.1357582509395820e+00
1.8922264461452791e+00
1.9655032089335209e+00
1.3730502218794969e+00
1.6712383846145431e+00
1.9411159168898904e+00
1.9251969403080491e+00
1.4043489644580438e+00
1.7915325752904661e+00
1.5041824697239434e+00
1.9791297961218155e+00
1.7743103319987124e+00
1.7919158135243101e+00
1.4101507419103230e+00
1.8295348227956445e+00
1.9781445417287746e+00
1.9537224391043668e+00
1.1000000000000001e+00
1.5284789535001204e+00
1.6013178677116449e+00
1.9748391706726929e+00
1.7649380699848549e+00
1.7146466779952405e+00
1.8279158660203010e+00
1.2249287129466171e+00
1.8938231703965300e+00
1.2870506781465068e+00
1.3529134386904338e+00
1.9673059564226367e+00
1.9711740149888581e+00
1.8547705752403170e+00
1.8095195478949380e+00
1.7016480825118709e+00
1.7414973142416572e+00
1.9688076076666736e+00
1.5639949100243042e+00
1.9051386169061364e+00
1.8569461032321080e+00
1.9362102471825708e+00
1.6759811521010970e+00
1.8829711447785455e+00
1.4054374896649855e+00
1.1514656341608296e+00
1.7273900371065982e+00
1.9653854443785848e+00
1.9276807902170037e+00
1.7615491980731528e+00
1.9595644520429090e+00
1.4797409645761652e+00
1.6863594922729646e+00
1.8988360626886478e+00
1.8128150364224318e+00
1.7558508709397740e+00
1.9305725704560994e+00
1.4610373751216399e+00
1.4308330329675762e+00
1.7508556434539675e+00
1.8150880506442661e+00
1.3216300524784004e+00
1.6471473499491012e+00
1.7141120947972748e+00
1.9471144843444796e+00
1.3825771585555131e+00
1.8021863896451686e+00
1.9133186912688367e+00
1.9520463633606246e+00
1.2610030676301445e+00
1.7766971548265547e+00
1.7765709298572758e+00
1.4981182600150276e+00
1.9535498854309341e+00
1.9485670672111355e+00
1.5962109757101157e+00
1.8413026279475910e+00
1.3081198177151658e+00
1.4361164839426368e+00
1.7299048327724773e+00
1.2167394126520068e+00
1.9046093411854994e+00
1.6822220332748152e+00
1.8409783269284887e+00
1.8915898814116658e+00
1.1000000000000001e+00
1.9393956169499846e+00
1.9458610454373479e+00
1.1662402137084416e+00
1.8877906628002221e+00
1.1560475239597936e+00
1.3037376084961971e+00
1.7413347046095233e+00
1.8882603113186278e+00
1.4965128249974424e+00
1.6322074796296711e+00
1.9453593180009157e+00
1.7425115351617464e+00
1.5759498589129766e+00
1.8644099400237875e+00
1.6865974785791302e+00
1.7782490965689972e+00
1.8444816679350780e+00
1.6314776701931346e+00
1.5774957218291195e+00
1.7949665279435774e+00
1.5210168575436356e+00
1.5619921864140132e+00
1.9421895790637742e+00
1.7457411803766512e+00
1.1000000000000001e+00
1.9433078471010461e+00
1.1933327087374028e+00
1.6619937890173653e+00
1.7076404200408606e+00
1.5857720512984750e+00
1.2610359873016488e+00
1.1460874384622102e+00
1.6235346626334985e+00
1.6965914858629918e+00
1.4335264735885367e+00
1.6440372967573305e+00
1.2077193295037769e+00
1.6259822496840506e+00
1.6483633319212492e+00
1.1000000000000001e+00
1.9108078551582717e+00
1.8843525575870406e+00
1.4343927184680374e+00
1.8184993997936387e+00
1.4865504676208445e+00
1.9300649744100988e+00
1.8759402668111882e+00
1.8989910538752346e+00
1.9313851458820346e+00
1.8131307923776601e+00
1.9319182801642405e+00
1.8803931137684406e+00
1.5878719650013342e+00
1.9098596011917213e+00
1.8830285745649151e+00
1.4414297114783026e+00
1.7115420980774914e+00
1.4264567720065811e+00
1.9218677024170343e+00
1.7131819576367322e+00
1.4562739765446295e+00
1.5874695963242889e+00
1.7982062485363344e+00
1.7674863482022014e+00
1.5809226951687787e+00
1.9057295657572380e+00
1.7031020306831639e+00
1.1857466195297637e+00
1.6196931356241375e+00
1.2347932208987746e+00
1.9114007553779464e+00
1.5626620117506909e+00
1.8496078788869814e+00
1.8203419224973645e+00
1.7545656286306242e+00
1.4987797561843905e+00
1.1795461125410627e+00
1.9129649530835693e+00
1.9231137798666347e+00
1.1000000000000001e+00
1.4039917421053165e+00
1.6903254599431963e+00
1.9176225175459112e+00
1.9162236540409996e+00
1.7343589903618548e+00
1.8888960830825758e+00
1.4150088527230766e+00
1.7410504378291158e+00
1.5356517992507241e+00
1.9127937370926187e+00
1.8031280111431873e+00
1.1273505657520810e+00
1.7434264538368005e+00
1.2311424117418082e+00
1.4235572234435199e+00
1.9082610101097330e+00
1.4386850875098769e+00
1.8725532180372293e+00
1.8664839194180689e+00
1.8774639614281696e+00
1.8643377524903433e+00
1.8262069887027494e+00
1.1638083598270157e+00
1.6605677079115824e+00
1.3601353989189604e+00
1.5989476197115418e+00
1.8774188792293520e+00
1.4205679980130006e+00
1.2561211725948205e+00
1.2069315032757753e+00
1.1000000000000001e+00
1.1415215215484522e+00
1.5952007153746457e+00
1.7962073686663913e+00
1.8354782370413725e+00
1.5131096186039854e+00
1.1554854325476174e+00
1.6755993732494172e+00
1.6194478650424402e+00
1.5710626023146235e+00
1.1292298486133827e+00
1.8273760892930511e+00
1.8956097740595208e+00
1.2294625220432818e+00
1.6521965741720295e+00
1.8166380977681726e+00
1.7730381290804451e+00
1.6294277418894396e+00
1.8828202837249486e+00
1.6949935581661473e+00
1.4959879119774464e+00
1.6655018926894214e+00
1.5650482381852151e+00
1.8922261201053729e+00
1.7007543849812019e+00
1.5418912023643672e+00
1.6143492544032954e+00
1.8476194927302583e+00
1.8946422982909907e+00
1.2577756636610635e+00
1.5571967098524120e+00
1.8912356981132374e+00
1.8836941371219349e+00
1.7169516408434611e+00
1.8046204604159466e+00
1.2149169079047029e+00
1.8784313895562728e+00
1.1276404394071800e+00
1.8223793828640851e+00
1.5705134427272034e+00
1.5689802573907747e+00
1.6453156037431080e+00
1.7484402966547450e+00
1.7246471746633307e+00
1.1000000000000001e+00
1.7800129095596380e+00
1.2084158647733914e+00
1.3624096494971418e+00
1.6215515811387071e+00
1.8764165638253663e+00
1.2649011770473846e+00
1.1676775748368773e+00
1.8812289980267414e+00
1.5958349111715271e+00
1.7108924216088783e+00
1.5553724138479057e+00
1.6205942967923814e+00
1.1030537557091891e+00
1.4209855945822347e+00
1.1000000000000001e+00
1.8742205713608568e+00
1.1341966050232217e+00
1.8133985804778552e+00
1.8759412467657117e+00
1.7900355046824064e+00
1.1000000000000001e+00
1.1201010387043706e+00
1.2136384440942667e+00
1.4132458505555345e+00
1.5112431492743894e+00
1.8647854726928059e+00
1.1000000000000001e+00
1.3195592602302921e+00
1.7437700116267447e+00
1.1000000000000001e+00
1.8249996246080180e+00
1.8380661609272999e+00
1.4619446013004971e+00
1.3557728702259708e+00
1.3066198005916585e+00
1.8656426992516546e+00
1.6930327547320867e+00
1.6800030623686031e+00
1.6525907708443668e+00
1.7613547972089556e+00
1.7450506434713773e+00
1.2301099316413657e+00
1.8634746230166952e+00
1.4314882132344429e+00
1.5546080018034016e+00
1.1168445594377421e+00
1.5693603306605681e+00
1.8558131966541869e+00
1.1000000000000001e+00
1.5797464454595336e+00
1.7174512916430982e+00
1.1904862463199872e+00
1.3672462432232599e+00
1.1104608517956163e+00
1.8458153843273393e+00
1.3451507229329476e+00
1.8595984964958210e+00
1.2516200699535656e+00
1.7374114338703728e+00
1.1669445547524093e+00
1.8486174369228157e+00
1.8576045629032865e+00
1.7273414107940015e+00
1.7622306958125202e+00
1.5942753982370568e+00
1.7243879509052746e+00
1.7809786934164986e+00
1.8270598375685285e+00
1.8529646251421401e+00
1.5460397447955772e+00
1.3351495756559428e+00
1.1000000000000001e+00
1.8414842184220306e+00
1.1719005323160472e+00
1.6648504032407123e+00
1.1714421016871888e+00
1.1000000000000001e+00
1.2265992727221697e+00
1.1000000000000001e+00
1.3733990354415733e+00
1.1000000000000001e+00
1.5098059694157961e+00
1.8097273298982242e+00
1.2751014086675487e+00
1.7544994824332196e+00
1.6907045432429522e+00
1.1635568652579906e+00
1.1437704075661632e+00
1.1586984873284678e+00
1.1742359355221408e+00
1.6819464082543787e+00
1.1739172705305352e+00
1.7962901446607256e+00
1.1253953194651105e+00
1.7220330850143879e+00
1.8462383176634600e+00
1.7578498679279508e+00
1.6228507070353839e+00
1.8059237180527679e+00
1.4307181408839273e+00
1.3871473651233475e+00
1.8352906748845332e+00
1.3170290764478869e+00
1.5699208696137747e+00
1.8343981238626410e+00
1.5793600170567057e+00
1.4148935009150372e+00
1.8140058894957953e+00
1.1899339877807804e+00
1.8282748627171215e+00
1.3185073457389105e+00
1.8354290556306874e+00
1.5319433542939918e+00
1.1197389632356234e+00
1.3003683767437453e+00
1.6332687597187014e+00
1.6325829275283441e+00
1.8098261250476617e+00
1.1180419575265623e+00
1.3942361479518302e+00
1.1464440375587672e+00
1.3377988631102404e+00
1.1684158336120392e+00
1.8236205981980356e+00
1.8014435643442361e+00
1.7131621157432604e+00
1.8017512439326318e+00
1.8215855557883871e+00
1.8315786403591523e+00
1.5164050495859187e+00
1.1588635599813708e+00
1.3747894868539283e+00
1.8034540223150999e+00
1.8228259734212930e+00
1.3324522485327905e+00
1.7249922928000470e+00
1.1261817682633262e+00
1.8276756309513573e+00
1.8230412437289296e+00
1.5636297124176639e+00
1.1755373396556010e+00
1.8253621006847447e+00
1.7144057628199090e+00
1.4784447302969790e+00
1.6921956374558240e+00
1.5976219838380270e+00
1.1699217580027590e+00
1.6865949701709297e+00
1.8008165886414298e+00
1.1000000000000001e+00
1.1206621953607085e+00
1.3371764084849502e+00
1.8053172720513693e+00
1.1250981906816302e+00
1.6126068062134831e+00
1.1000000000000001e+00
1.1000000000000001e+00
1.1426908685756039e+00
1.3504176369052066e+00
1.1834610525134215e+00
1.1584058602497826e+00
1.6858097800753293e+00
1.1046675570475362e+00
1.3648408417624838e+00
1.4889278015214247e+00
1.4573361359071990e+00
1.6257461519431293e+00
1.8045291010504518e+00
1.7131716513290081e+00
1.7686296002134971e+00
1.8076926376435947e+00
1.5732062780055143e+00
1.7529552769586976e+00
1.6676940518016128e+00
1.4149766340793901e+00
1.1556429231642817e+00
1.7932389151002595e+00
1.1905316314684919e+00
1.5197904037248848e+00
1.7185457238606958e+00
1.7633610990767843e+00
1.2925454221134447e+00
1.7899541533412668e+00
1.2344092932338777e+00
1.7435132139978378e+00
1.4845041587364911e+00
1.7611968995184948e+00
1.6884517243267438e+00
1.7507509000349011e+00
1.6526170256129971e+00
1.7950695507033820e+00
1.7460998817280742e+00
1.7865715635441353e+00
1.7731057934323611e+00
1.3706553805982327e+00
1.7421148490786300e+00
1.6038600630367961e+00
1.5010047300686074e+00
1.1949854651462901e+00
1.7834121777943559e+00
1.6875013183026133e+00
1.4401196185345626e+00
1.6131127631954616e+00
1.7652088051763726e+00
1.4401134370773232e+00
1.7770980059283077e+00
1.1000000000000001e+00
1.3896339063200549e+00
1.6048204520138025e+00
1.7877428766219670e+00
1.7862177806798025e+00
1.1037557794781168e+00
1.1068202332606862e+00
1.7802403963582902e+00
1.7859584963762820e+00
1.6965313285753107e+00
1.6285062596257993e+00
1.7781274179434059e+00
1.2873171353433903e+00
1.5959916657098288e+00
1.6305492295836377e+00
1.3809480133657310e+00
1.2558537707734949e+00
1.1464658185603525e+00
1.7689228574756977e+00
1.7668188101470361e+00
1.5491507294690572e+00
1.5969543460395226e+00
1.7499238110840181e+00
1.3053120516326735e+00
1.6152338543502118e+00
1.7215753688887314e+00
1.3909412989509164e+00
1.4855065142668875e+00
1.5549792711330135e+00
1.1401443977838168e+00
1.3828524445943788e+00
1.5985185306592928e+00
1.3000099748692102e+00
1.7391640795547083e+00
1.7160163626915936e+00
1.5346184094880828e+00
1.5944759590706790e+00
1.6395659181278317e+00
1.3544650006875347e+00
1.7166465096844961e+00
1.7614735525428751e+00
1.7150160370899417e+00
1.6603108036074297e+00
1.7508398500736935e+00
1.3294900572220736e+00
1.2315196484603352e+00
1.3576393319965885e+00
1.5233714698245460e+00
1.7239199830411540e+00
1.1000000000000001e+00
1.7411404235609202e+00
1.4586731863435241e+00
1.7619275044261336e+00
1.7606317751072624e+00
1.6459796294381435e+00
1.4916950576476538e+00
1.6979111402487657e+00
1.3444073672458141e+00
1.1994842475682845e+00
1.2022859450688681e+00
1.6650091583892359e+00
1.7541129848648829e+00
1.5774680545258779e+00
1.6119475365583007e+00
1.5766428947043911e+00
1.3629613770280973e+00
1.6937476660171018e+00
1.6092826359074812e+00
1.1690138920047402e+00
1.2828758549324832e+00
1.7071806281323494e+00
1.7402232553596566e+00
1.4183496624670346e+00
1.3513213896966123e+00
1.7264073731315805e+00
1.3125789746550600e+00
1.1931190032978130e+00
1.1000000000000001e+00
1.1000000000000001e+00
1.5147947940512105e+00
1.7114280568009896e+00
1.7271961664340845e+00
1.7059487601973626e+00
1.5246664667121139e+00
1.3216417099344981e+00
1.4355998591131931e+00
1.2859101394897201e+00
1.7409506582439702e+00
1.4942589717933501e+00
1.4986390883823448e+00
1.7211152576473363e+00
1.7344273680938544e+00
1.4795660648855109e+00
1.6306026594876606e+00
1.6070434992152343e+00
1.5552761464622862e+00
1.1188948254020257e+00
1.1588650041971815e+00
1.3527778910220318e+00
1.6671873630172287e+00
1.5944277253933423e+00
1.5294538739195576e+00
1.7262149005005036e+00
1.4673352048916475e+00
1.7184759001402792e+00
1.3099997679780497e+00
1.6151908935959556e+00
1.7100250616353001e+00
1.3550757650434300e+00
1.6832398951368488e+00
1.3727613677552291e+00
1.5475975463280986e+00
1.5219271218926118e+00
1.6402253829298579e+00
1.5809909289949360e+00
1.6668572557744585e+00
1.6240066370482431e+00
1.6859557794975999e+00
1.6868079884937062e+00
1.1691498599574683e+00
1.3113172985455468e+00
1.5527220016507406e+00
1.5531389818714145e+00
1.2442681939246312e+00
1.1576059861344949e+00
1.5756954085946473e+00
1.6037528172137487e+00
1.6756495307861050e+00
1.5985772900428052e+00
1.3542487372567946e+00
1.6390291666681236e+00
1.7124067624742860e+00
1.3989006556076835e+00
1.7003023052908104e+00
1.3672198288627637e+00
1.3206915682607454e+00
1.7064859847677289e+00
1.6470616768907003e+00
1.6295517802664907e+00
1.4406509342470499e+00
1.3809256933292613e+00
1.3627833829246159e+00
1.6763142938117406e+00
1.2137544350563692e+00
1.3173126681819687e+00
1.5263644671260015e+00
1.6376832616089150e+00
1.1413175358016499e+00
1.6190662608748998e+00
1.6839025144290980e+00
1.6601869110870107e+00
1.7013626328116138e+00
1.6758966971556515e+00
1.1513140022181241e+00
1.1429308075744458e+00
1.6986161809674019e+00
1.3381341107713209e+00
1.5025034486266884e+00
1.6309036029757038e+00
1.6978948398603204e+00
1.6825327493521545e+00
1.6359039902498291e+00
1.1000000000000001e+00
1.5749011804059272e+00
1.3440979568442986e+00
1.6476758367645472e+00
1.1998276883202199e+00
1.2308968237261326e+00
1.2749227258050146e+00
1.4748195810546776e+00
1.2628150609795998e+00
1.5007971256227308e+00
1.6446339089343094e+00
1.4696475501359230e+00
1.1975588816855560e+00
1.5240186277359105e+00
1.3995782165856387e+00
1.2347195955662933e+00
1.4478093784907167e+00
1.1946133119965214e+00
1.6114973324025121e+00
1.5919072168081472e+00
1.1446493500175619e+00
1.4179470970066745e+00
1.5343330327171434e+00
1.2668240448583596e+00
1.5614124076818234e+00
1.3576950540196095e+00
1.5237311114571139e+00
1.6751186361466448e+00
1.6493143192308408e+00
1.1288961437457652e+00
1.6551045673930282e+00
1.6230022076104977e+00
1.6069166339443492e+00
1.3791001606374795e+00
1.6706862801928235e+00
1.5717826365988488e+00
1.3450129162125821e+00
1.2744556237197984e+00
1.6423173528318387e+00
1.6439836219700497e+00
1.2352242213519860e+00
1.6583704513125543e+00
1.4117183609334174e+00
1.6624282395434029e+00
1.4431892407677374e+00
1.4545136489001778e+00
1.5595628835783342e+00
1.5628481390975051e+00
1.1624715550434683e+00
1.4753032431857096e+00
1.6014677560754145e+00
1.6627998413017995e+00
1.2938334401957905e+00
1.2518629857063364e+00
1.6080710572808976e+00
1.1445184688947498e+00
1.3019147398465609e+00
1.4534828430278168e+00
1.6540332998558260e+00
1.1212904332301930e+00
1.5623846653077127e+00
1.4747122839688815e+00
1.3294871711672991e+00
1.1416546779986019e+00
1.6457293039489662e+00
1.3670355169256658e+00
1.6499876267320954e+00
1.6458618994865253e+00
1.6461885247707753e+00
1.6415133171696190e+00
1.4347048147504387e+00
1.6090762514916648e+00
1.6192831771459022e+00
1.1567982936817549e+00
1.2288828201858253e+00
1.1000000000000001e+00
1.2869337115352979e+00
1.6306360224338874e+00
1.5184978689926123e+00
1.5751013051513367e+00
1.5020263642693850e+00
1.6302585630114110e+00
1.1174858136599553e+00
1.2429806318703904e+00
1.5753797652025485e+00
1.6210606527790616e+00
1.6227564747556733e+00
1.4034037572955371e+00
1.5459473723596608e+00
1.6341880887923605e+00
1.1536430322661881e+00
1.4311406023877919e+00
1.4237789236623990e+00
1.5746215542132118e+00
1.2526022637846550e+00
1.5587244896347361e+00
1.2188783541901504e+00
1.2810795751050192e+00
1.1117893967813206e+00
1.3871427311484388e+00
1.3664568304111908e+00
1.2605359124661335e+00
1.4652713228052694e+00
1.3178644597300577e+00
1.2879215182125876e+00
1.5151383237470932e+00
1.3262683930897570e+00
1.6175504255983300e+00
1.5961573140132597e+00
1.1510628765570929e+00
1.4254986436965220e+00
1.1000000000000001e+00
1.4800687361085845e+00
1.6073733677307505e+00
1.2138478856755908e+00
1.4312718165838076e+00
1.5489850918419528e+00
1.5222702670697741e+00
1.1997521720286117e+00
1.5851370079973934e+00
1.5631365638780801e+00
1.5902525802602705e+00
1.2650530034121172e+00
1.6070322056556905e+00
1.2878409267388879e+00
1.3963984393539692e+00
1.4960741597982079e+00
1.3772733156214101e+00
1.1452683099364851e+00
1.5812684539641406e+00
1.4272183794027757e+00
1.1989616759117232e+00
1.1558402147432851e+00
1.1000000000000001e+00
1.5707012084593750e+00
1.3297945009444678e+00
1.5375569091534254e+00
1.4736880976946327e+00
1.3320879481870453e+00
1.5306414926260083e+00
1.4999959441228075e+00
1.5369759490040444e+00
1.4143576227184746e+00
1.1328998884422929e+00
1.4592446964082000e+00
1.1279759624026904e+00
1.3887953738871333e+00
1.4287681743762266e+00
1.1527067398701720e+00
1.4938922319984729e+00
1.2793815106900250e+00
1.3727722972274767e+00
1.4062455801706428e+00
1.4236020044617435e+00
1.5908322457733148e+00
1.1275803462419560e+00
1.1847588278015895e+00
1.5468551374747794e+00
1.5664255207702504e+00
1.2888906460773799e+00
1.5264025874429341e+00
1.5546945408948738e+00
1.5840511758775280e+00
1.4468814273488784e+00
1.5601615563813767e+00
1.4464119921638661e+00
1.5672072444027934e+00
1.5707792616698195e+00
1.1000000000000001e+00
1.5787171389805827e+00
1.1057600177647553e+00
1.4918608330748957e+00
1.5042851418355714e+00
1.5491302057799019e+00
1.4692580797138883e+00
1.5754775604944327e+00
1.1023736755466191e+00
1.5148670347719084e+00
1.5587427828782112e+00
1.5775911499004627e+00
1.4399398194107453e+00
1.4684878795314982e+00
1.5232452745884588e+00
1.3661216908188436e+00
1.1963722179071796e+00
1.1044596499008130e+00
1.2949952880611153e+00
1.1000000000000001e+00
1.5298937827016408e+00
1.5258857483431505e+00
1.1617190229676118e+00
1.4622184473252176e+00
1.4768735013085457e+00
1.5503489484033230e+00
1.2329695821901969e+00
1.1164312490432886e+00
1.4839619184015223e+00
1.5454106000662298e+00
1.2449486494070068e+00
1.5541426764938373e+00
1.3695680630186895e+00
1.5075395116760091e+00
1.1427641991402213e+00
1.4788590848543139e+00
1.1624532844044437e+00
1.3944164654097033e+00
1.5505639795849604e+00
1.1846186022282561e+00
1.2767542264836740e+00
1.4007310039331449e+00
1.5151055922971965e+00
1.2614103707956306e+00
1.5355121219801113e+00
1.3585304190671321e+00
1.4884043177371835e+00
1.5434515741225470e+00
1.2827742577458288e+00
1.5331852645887132e+00
1.3967937782825712e+00
1.5153546975651855e+00
1.1000000000000001e+00
1.5503344208776728e+00
1.1239845397099766e+00
1.5487980848887233e+00
1.4931473697864259e+00
1.4476351661260189e+00
1.4914966706232202e+00
1.5396308959221967e+00
1.5329304859478929e+00
1.3516473439191350e+00
1.3615267831422191e+00
1.5278442602125035e+00
1.2766785265439551e+00
1.5337094009825747e+00
1.2329039032854792e+00
1.1455899779002436e+00
1.5156839955042012e+00
1.3720402322274694e+00
1.5089250103971446e+00
1.1126392017142692e+00
1.4398377917493326e+00
1.2033746738183719e+00
1.4210083677028775e+00
1.1934418107733080e+00
1.3785885631980481e+00
1.4428670393302458e+00
1.3490184112700310e+00
1.4584374762805226e+00
1.2112558094260351e+00
1.3950903631102141e+00
1.1665633032520679e+00
1.5243671259544673e+00
1.2502159702832292e+00
1.2706149151727226e+00
1.5115813180432482e+00
1.1236754612693229e+00
1.5260321116417581e+00
1.3982474832692613e+00
1.4763724616531051e+00
1.5244205475396555e+00
1.1601320316497368e+00
1.5083160388554395e+00
1.5184842172935176e+00
1.1268539055416960e+00
1.4704643857294892e+00
1.4784120232060363e+00
1.3437024374116588e+00
1.3708512841415559e+00
1.2983958172991736e+00
1.3361513879773419e+00
1.1000000000000001e+00
1.1259154805713953e+00
1.3069430740579389e+00
1.5157464584898848e+00
1.3156193975508637e+00
1.5113958299077563e+00
1.4795949788745424e+00
1.2998173706608640e+00
1.4490945077274928e+00
1.3378553747096098e+00
1.4211332472896363e+00
1.4395692614219322e+00
1.4130727683592803e+00
1.2177458495074036e+00
1.5002090828023511e+00
1.4846996534963075e+00
1.4799777921952020e+00
1.4310699128061370e+00
1.3950870195101670e+00
1.4993199821006939e+00
1.4125870958033666e+00
1.1802709772874276e+00
1.3472821072737173e+00
1.2360172153819915e+00
1.1000000000000001e+00
1.1000000000000001e+00
1.3365753104281552e+00
1.4521030844720686e+00
1.4471278349921879e+00
1.4359105102086578e+00
1.2066232060839552e+00
1.4743224210298196e+00
1.1278470802252341e+00
1.1000000000000001e+00
1.1420939612359593e+00
1.4918157048336009e+00
1.4592751089575540e+00
1.1808753657526501e+00
1.1348970728527010e+00
1.4459757045955568e+00
1.2026134602555105e+00
1.4899680166741003e+00
1.1716478103104770e+00
1.1837212896331493e+00
1.4849473439509422e+00
1.2691217067388230e+00
1.4874229316670999e+00
1.3353113750139483e+00
1.2707754422971576e+00
1.4523716815137648e+00
1.2822852491325600e+00
1.3778962503615211e+00
1.3263651213211527e+00
1.4850979173338896e+00
1.4740496181446674e+00
1.1066426775764431e+00
1.3107504115922246e+00
1.2405092578860735e+00
1.4247098489395549e+00
1.2972200656566024e+00
1.4841836405982325e+00
1.1317355260151727e+00
1.3921445007321807e+00
1.4591396645519681e+00
1.1751006250093545e+00
1.3434308704045343e+00
1.2432231147542832e+00
1.2165876157338176e+00
1.2015490955567558e+00
1.1433619124260557e+00
1.2110540786292987e+00
1.1000000000000001e+00
1.4772149793429497e+00
1.2102804281092514e+00
1.4724489094164430e+00
1.4706628053790423e+00
1.4617013097059908e+00
1.2145440133331382e+00
1.2625029191478896e+00
1.2120993098051958e+00
1.2477766815979601e+00
1.2797929554815726e+00
1.2439541704199386e+00
1.1213040753002317e+00
1.4551992771084654e+00
1.2778104808733783e+00
1.3740723277507305e+00
1.1000000000000001e+00
1.4525498890838959e+00
1.2547609765262375e+00
1.4620476687588801e+00
1.4657273594062197e+00
1.3358462009527818e+00
1.1861906946283778e+00
1.3909637919376696e+00
1.2629746963722543e+00
1.3645616059614272e+00
1.4336321225571467e+00
1.3593777989312996e+00
1.3389937873526139e+00
1.1815258658774219e+00
1.1366319759141699e+00
1.3517256893598497e+00
1.4382003172511881e+00
1.1653858138410575e+00
1.1912322011889842e+00
1.1000000000000001e+00
1.2037255019951805e+00
1.4122644057573821e+00
1.4316136883097568e+00
1.3108267632625534e+00
1.4511695099973159e+00
1.2212258282457860e+00
1.3341398603558696e+00
1.4333810443284449e+00
1.3749660972577444e+00
1.3805137814963691e+00
1.4439884814999997e+00
1.3156344044854960e+00
1.3887239719891469e+00
1.3834322768974812e+00
1.4261491138721214e+00
1.1562630298225975e+00
1.3892861641385801e+00
1.2442469003579837e+00
1.1784907821804229e+00
1.1351957072080114e+00
1.4071545869272466e+00
1.3218334013385655e+00
1.4209183156544372e+00
1.4116825082309330e+00
1.1027478606886405e+00
1.3840562412030681e+00
1.3767991738366168e+00
1.1151172495541770e+00
1.4035336184477627e+00
1.4328054147797762e+00
1.2141921623128149e+00
1.2268444989329992e+00
1.3659259009591622e+00
1.3472783582341905e+00
1.4038963055778841e+00
1.1342900207691780e+00
1.3997444067097020e+00
1.2762735923566786e+00
1.3473872402679032e+00
1.4214801101425978e+00
1.3697257880688305e+00
1.3532807239456695e+00
1.3508695862870905e+00
1.3130425095363485e+00
1.3410200350807269e+00
1.3766199834315969e+00
1.1599282663266453e+00
1.4176551009936313e+00
1.4200589764044391e+00
1.1884530133036204e+00
1.1332944164343346e+00
1.4146722917440355e+00
1.3788353260409771e+00
1.1043281942331256e+00
1.3666923807236111e+00
1.2527234904660047e+00
1.2641267454593026e+00
1.4143533420552168e+00
1.1939029265747996e+00
1.3649954049914821e+00
1.4107424304762672e+00
1.1461009405207887e+00
1.1000000000000001e+00
1.3736180102873730e+00
1.2771092598192051e+00
1.3477420004973402e+00
1.3642968932917183e+00
1.1627238101711190e+00
1.3936557084271097e+00
1.3595146434316778e+00
1.3302818578861544e+00
1.3953017127259821e+00
1.3789836192711846e+00
1.3891421389946044e+00
1.3944016783850472e+00
1.3486390349824773e+00
1.3322285081043670e+00
1.2333237040992813e+00
1.3860306350302065e+00
1.3907520845439294e+00
1.2551756956184379e+00
1.2412793218939240e+00
1.3803711279216730e+00
1.3552374075258611e+00
1.2680996786909307e+00
1.3742600302081194e+00
1.2676241214899500e+00
1.3858099303830680e+00
1.1534328150347055e+00
1.3580687644898441e+00
1.2875982597903346e+00
1.2210476465127704e+00
1.1852985144049015e+00
1.2299290306071677e+00
1.3428661327180562e+00
1.1000000000000001e+00
1.3387449458814040e+00
1.3444957723457722e+00
1.3208027046570727e+00
1.1691339297343313e+00
1.1186509135458917e+00
1.2989905187312147e+00
1.2870988037457305e+00
1.3480832735318566e+00
1.3653573609219012e+00
1.2153831217210824e+00
1.2953465938994280e+00
1.3397240725063333e+00
1.1294357837089459e+00
1.2938964802033888e+00
1.3666701164560180e+00
1.3055921541450566e+00
1.3103120891323232e+00
1.3102831362117904e+00
1.3434242726711991e+00
1.3032111785274458e+00
1.2118962688039814e+00
1.3228724257560565e+00
1.2211001144041613e+00
1.2722566486130369e+00
1.1000000000000001e+00
1.3588502151669990e+00
1.3149845412652794e+00
1.3118447276815972e+00
1.1147585609635855e+00
1.3250599160198266e+00
1.1000000000000001e+00
1.3481999250419856e+00
1.2407918428332954e+00
1.3522554868385426e+00
1.3485103867061117e+00
1.2819223373209103e+00
1.1350972780332129e+00
1.2704040531763958e+00
1.1452627155264532e+00
1.2480999737077783e+00
1.1388702427423192e+00
1.3100260799956471e+00
1.2542363478226095e+00
1.3288141127008519e+00
1.3461380333139892e+00
1.2991858226448545e+00
1.3440067169792098e+00
1.3364969983724322e+00
1.2962229522091204e+00
1.3404255985585247e+00
1.3322717946191922e+00
1.2753844519664277e+00
1.3372411492354535e+00
1.2974465935164585e+00
1.3221411804716745e+00
1.3186813192010760e+00
1.3107643437078895e+00
1.3321769785654280e+00
1.3015300904072928e+00
1.2626498224009708e+00
1.3020248577827502e+00
1.3296135916715144e+00
1.1158149722660844e+00
1.1000000000000001e+00
1.3129113796890415e+00
1.2680039109169732e+00
1.3088993748187012e+00
1.1179520660093374e+00
1.1136596440465083e+00
1.1000000000000001e+00
1.2861650046356818e+00
1.3205488115887700e+00
1.3054469415060201e+00
1.2226732314527708e+00
1.1899375076397112e+00
1.1526868543242359e+00
1.2604887599844123e+00
1.1248046072019551e+00
1.2776634776137590e+00
1.1165082460810338e+00
1.3066897948033107e+00
1.3079672332656516e+00
1.1158788127872536e+00
1.2587326556340077e+00
1.2500057272256597e+00
1.2330351281453034e+00
1.2362455517512916e+00
1.2205680109359491e+00
1.3001626586410056e+00
1.1429125320246787e+00
1.2997768332881741e+00
1.1581121394576861e+00
1.2669873210821008e+00
1.2682552843666115e+00
1.2251649062375962e+00
1.2751958961394332e+00
1.1723386819310029e+00
1.1988951711185030e+00
1.2812020291003208e+00
1.2955110592702963e+00
1.2871543882963867e+00
1.1745165705046929e+00
1.1174533290638806e+00
1.2714308167733730e+00
1.2249006500959350e+00
1.2909477658038215e+00
1.2911707875402016e+00
1.2559498931524105e+00
1.1118205296718624e+00
1.2683902647540122e+00
1.2412079910926515e+00
1.2856099686502134e+00
1.2744991549958808e+00
1.2714117536039287e+00
1.2302748469492018e+00
1.2832907147470343e+00
1.1671503318151555e+00
1.2741297795866291e+00
1.2824378779582444e+00
1.1657936186469153e+00
1.1000000000000001e+00
1.1294699948017104e+00
1.2496602445485163e+00
1.2751492183745625e+00
1.2404168363958186e+00
1.2594630172497532e+00
1.2524118912425393e+00
1.2073401568703859e+00
1.2391539256328370e+00
1.1000000000000001e+00
1.2545036110506493e+00
1.2547698635953219e+00
1.2651791010326283e+00
1.2660158620605060e+00
1.2666940264773450e+00
1.1021640383514599e+00
1.2412799719971488e+00
1.1551357268540199e+00
1.1440760703442121e+00
1.2508507240345019e+00
1.2622064238993871e+00
1.2415939168256176e+00
1.1874726019344923e+00
1.2431040577745085e+00
1.1719449266619228e+00
1.1220745365379523e+00
1.2331169846038668e+00
1.2230245050987187e+00
1.1249675223337099e+00
1.1046202154392675e+00
1.1480884295431497e+00
1.1561163263644940e+00
1.1423511962620994e+00
1.2475942724864104e+00
1.1247726922434185e+00
1.2266401441944066e+00
1.2050864589810943e+00
1.1086460463081604e+00
1.1572705885528207e+00
1.2181578458881421e+00
1.1307896122750518e+00
1.2381493458295689e+00
1.1000000000000001e+00
1.1622501516610919e+00
1.1594157078377811e+00
1.2336653737071281e+00
1.1468845364988944e+00
1.1057808475683895e+00
1.1886359018641999e+00
1.1643410568466737e+00
1.2270650886253787e+00
1.2151190495664486e+00
1.2146618511607747e+00
1.1142666548255917e+00
1.1000000000000001e+00
1.2278444671089195e+00
1.1020878525897515e+00
1.2018460372597808e+00
1.1050122454845843e+00
1.2339585357015193e+00
1.2319232530523807e+00
1.1091874219036806e+00
1.2265802645561272e+00
1.1534244184810520e+00
1.1766307724393841e+00
1.1792665611326441e+00
1.1627669384032244e+00
1.1000000000000001e+00
1.1528784541286243e+00
1.2129219104738989e+00
1.1000000000000001e+00
1.1000000000000001e+00
1.1000000000000001e+00
1.1041544436123873e+00
1.1184025138136893e+00
1.1124232762646162e+00
1.1994255673505636e+00
1.1696178094430290e+00
1.1890094897573487e+00
1.2113344559902106e+00
1.1281120556141722e+00
1.2142706137725976e+00
1.2154362184345500e+00
1.1441305805622715e+00
1.1429312543211005e+00
1.2078358986627575e+00
1.1874999719037735e+00
1.1274439184402767e+00
1.2098547919545251e+00
1.1412880341262699e+00
1.1894419454085783e+00
1.2066490979520854e+00
1.1744524354176022e+00
1.2064204140948958e+00
1.1070867735886223e+00
1.1960419889351757e+00
1.1000000000000001e+00
1.1683156318114030e+00
1.1461952741640675e+00
1.1657028675461072e+00
1.1445651444800828e+00
1.1644722548819537e+00
1.1978129397646191e+00
1.1711183190829380e+00
1.1188892379920850e+00
