1.1000000000000001e+00
1.1000000000000001e+00
1.1000000000000001e+00
1.1000000000000001e+00
1.1000000000000001e+00
1.1000000000000001e+00
1.1000000000000001e+00
1.1000000000000001e+00
1.1000000000000001e+00
1.1000000000000001e+00
1.1000000000000001e+00
1.1000000000000001e+00
1.1000000000000001e+00
1.1000000000000001e+00
1.1000000000000001e+00
1.1000000000000001e+00
1.1000000000000001e+00
1.1000000000000001e+00
1.1175870537400481e+00
1.1283975840205955e+00
1.1151960705127215e+00
1.1017453011696423e+00
1.1395003766486080e+00
1.1428976256557761e+00
1.1139528039126221e+00
1.1962861904167064e+00
1.1131948512100041e+00
1.2428973396512999e+00
1.1205734098916478e+00
1.2455934376381124e+00
1.2347689290860204e+00
1.2225942462375741e+00
1.2812084315539709e+00
1.2462109471624565e+00
1.1944543062985322e+00
1.2729930628177217e+00
1.2444769893870988e+00
1.3172644301874084e+00
1.3101479646073206e+00
1.3180608883736467e+00
1.3855797534025880e+00
1.3938100651362555e+00
1.2401189730085223e+00
1.3312630523680826e+00
1.4106849715500864e+00
1.3640878005460055e+00
1.4028118302374515e+00
1.1430552550319906e+00
1.4052731729640642e+00
1.1396716307175354e+00
1.2521221822266897e+00
1.5361397423686578e+00
1.5857449264943164e+00
1.3081819711161595e+00
1.1000000000000001e+00
1.6287028880604566e+00
1.2840682825579686e+00
1.1000000000000001e+00
1.2203636748172482e+00
1.5986518774913350e+00
1.5859441935889977e+00
1.6189321119546032e+00
1.5132167361980700e+00
1.3448962815262546e+00
1.4085114241135452e+00
1.1000000000000001e+00
1.4559218836458596e+00
1.1212650408349110e+00
1.7225715706740017e+00
1.5275436625014966e+00
1.5737049527154903e+00
1.6503933298792821e+00
1.1000000000000001e+00
1.7765718207672960e+00
1.7544245125779925e+00
1.1000000000000001e+00
1.7832609694865524e+00
1.1003473940358806e+00
1.7882213844277886e+00
1.7652705660348540e+00
1.1722082573539139e+00
1.1230075168641018e+00
1.5070855824643981e+00
1.1000000000000001e+00
1.7442895677418835e+00
1.1000000000000001e+00
1.2076268590853043e+00
1.1000000000000001e+00
1.3299747265380908e+00
1.4012068658652876e+00
1.5080586396475320e+00
1.8719659639866992e+00
1.1000000000000001e+00
1.3240113197565180e+00
1.8267065427588030e+00
1.2874085033620934e+00
1.9530870343844922e+00
1.3028930794542408e+00
1.8580545886779614e+00
1.4842196917678327e+00
1.7709985826125392e+00
1.9235422916129077e+00
1.9695435366118672e+00
1.3619805363209900e+00
1.5589256773379283e+00
1.1000000000000001e+00
1.7732245422668453e+00
1.2438003051419575e+00
1.8629595267792467e+00
1.9482325112108974e+00
1.1000000000000001e+00
1.1000000000000001e+00
1.8875377242710447e+00
1.8757634746621403e+00
1.8688939381335905e+00
2.0185112552668754e+00
2.0134945095838441e+00
1.1000000000000001e+00
1.8065747261970555e+00
1.6363754044116106e+00
2.0233181801227200e+00
1.5631926416707782e+00
1.1068395718544577e+00
1.8833517083015312e+00
2.0409755215493139e+00
1.1000000000000001e+00
1.6872694133858526e+00
1.7127209264686627e+00
1.1000000000000001e+00
1.7723641247802551e+00
1.1000000000000001e+00
1.7379572228170694e+00
2.0364638528724504e+00
1.9109331226060473e+00
1.6279798384615762e+00
1.5584298300266501e+00
1.1000000000000001e+00
2.0530750219815679e+00
1.1000000000000001e+00
1.2006437732117061e+00
1.4100617022947086e+00
2.0829770612733784e+00
1.8991840417874717e+00
1.9784239180054388e+00
2.0618161680124127e+00
1.8017570606238431e+00
1.9723229557423116e+00
1.1000000000000001e+00
1.9812144506470881e+00
1.9853092675984463e+00
1.3937164646122786e+00
1.9119567818562180e+00
1.3768554060215266e+00
1.7132000501337030e+00
1.8558358648533564e+00
1.2914245723001077e+00
1.1000000000000001e+00
2.0566783554186321e+00
1.5509814019546193e+00
1.6352380920017642e+00
1.1000000000000001e+00
1.9279567279911758e+00
1.9222042187867827e+00
1.7856441205853224e+00
1.8770242043231509e+00
1.6771414082581089e+00
2.0631442108280060e+00
1.1000000000000001e+00
1.1000000000000001e+00
1.1000000000000001e+00
2.0329548208486883e+00
1.3866017551562562e+00
1.9509758845405312e+00
1.1000000000000001e+00
1.4977377781847456e+00
2.0481593531028124e+00
1.9790474703744234e+00
1.7897037055323768e+00
1.7182772993154201e+00
2.0291339020108343e+00
1.8800858043227713e+00
1.3114029254354165e+00
1.1000000000000001e+00
1.5301649860455151e+00
2.0093739582710373e+00
1.7295449853138765e+00
1.1000000000000001e+00
1.5103667880417779e+00
1.7639827884763775e+00
1.9368408233084120e+00
1.8116910851800121e+00
2.0278049300240482e+00
1.7405686649146463e+00
1.9995360266484019e+00
1.7872160659637761e+00
1.4014485446407328e+00
1.9418744457173167e+00
1.5498865327228002e+00
1.9123707563257510e+00
1.9728081251678200e+00
1.9156492959134852e+00
1.8425699551255141e+00
1.6833584064306015e+00
1.6668202592438102e+00
1.8682798070540314e+00
1.7505186063212963e+00
1.1457388651425109e+00
1.5196894029267449e+00
1.5051100439041707e+00
1.2304161555998994e+00
1.9031168011928681e+00
1.2519748676090903e+00
1.8949420182774210e+00
1.5418735304424454e+00
1.3545703103603461e+00
1.4702998505783591e+00
1.1000000000000001e+00
1.8960882994173680e+00
1.4792307231505508e+00
1.5866825876494031e+00
1.8768549449432357e+00
1.7879730125018822e+00
1.1656812277033906e+00
1.7377090247451623e+00
1.6284139727973916e+00
1.3326098343744153e+00
1.6131859133666031e+00
1.6801575136645521e+00
1.8067395660553554e+00
1.7179431029448222e+00
1.1000000000000001e+00
1.6544993145948133e+00
1.3793277535663468e+00
1.7281985769248163e+00
1.7133492732369535e+00
1.6373838408204167e+00
1.6902698243843803e+00
1.7731307005029546e+00
1.7508197696049383e+00
1.6195025694229559e+00
1.7591239342929705e+00
1.2500871981440786e+00
1.4898129256379709e+00
1.5523348868722648e+00
1.4882420637289466e+00
1.7155375173793999e+00
1.3971651789785067e+00
1.4874173768107009e+00
1.6778539373021448e+00
1.1202896030648990e+00
1.3204699353898723e+00
1.2411347724619026e+00
1.3182004570283958e+00
1.5865767940263373e+00
1.6788297210537380e+00
1.5379915776671855e+00
1.6097830491431837e+00
1.5541724485677912e+00
1.5364000273816307e+00
1.3233911069690505e+00
1.5474698927860890e+00
1.3004446642701593e+00
1.6287197619016811e+00
1.4569898572301923e+00
1.6043488314998249e+00
1.6081727671172943e+00
1.6003839567035270e+00
1.4840738924925971e+00
1.3011547526122962e+00
1.5609786213818069e+00
1.3954957854575447e+00
1.2054967101009413e+00
1.4299240205871251e+00
1.3084985700319942e+00
1.4871816013790908e+00
1.3730486810237168e+00
1.1000000000000001e+00
1.2507403334370892e+00
1.5164816036461219e+00
1.3299028338582723e+00
1.2000687549220812e+00
1.4161909589167063e+00
1.3641733313745559e+00
1.3292809154475991e+00
1.3466718937501354e+00
1.1766930001664806e+00
1.3984161078349540e+00
1.1000000000000001e+00
1.1000000000000001e+00
1.1599121368540291e+00
1.2358030913796245e+00
1.2307438824491164e+00
1.1337943656648029e+00
1.2747722003607644e+00
1.2765685458689837e+00
1.2481623723922224e+00
1.2568307150746851e+00
1.2381392493742791e+00
1.1081595343851725e+00
1.2224588702598018e+00
1.1112003132996406e+00
1.1016250691119580e+00
1.1491828724537096e+00
