1.1000000000000001e+00
1.2034224786766503e+00
1.1000000000000001e+00
1.9885500138694470e+00
1.1000000000000001e+00
1.9752699984426563e+00
1.1000000000000001e+00
1.3420455560127111e+00
1.1000000000000001e+00
2.0423124221494713e+00
1.1000000000000001e+00
1.1000000000000001e+00
1.1768773121640863e+00
1.1000000000000001e+00
1.7276766422689656e+00
1.8814727388818595e+00
1.1000000000000001e+00
1.8063799703538272e+00
1.1000000000000001e+00
2.0576108334366716e+00
2.0598898425270620e+00
2.0602754778606176e+00
1.1000000000000001e+00
2.0464410416447225e+00
2.0537780901249900e+00
1.1000000000000001e+00
1.4902703748144637e+00
1.1000000000000001e+00
1.5694429448482237e+00
1.1000000000000001e+00
1.4761133336109922e+00
1.1000000000000001e+00
1.6494332751941336e+00
1.5114839533757476e+00
1.1000000000000001e+00
1.6786147031508389e+00
1.9392760081269969e+00
1.6779602278757060e+00
1.1000000000000001e+00
1.3045648260694609e+00
1.1000000000000001e+00
1.4500213388469281e+00
1.4197499345144191e+00
1.1000000000000001e+00
1.4920243027123086e+00
1.1000000000000001e+00
1.1919448753839983e+00
1.1000000000000001e+00
1.2977863003295858e+00
1.1000000000000001e+00
1.1168594382859671e+00
1.1000000000000001e+00
1.5811447325415071e+00
1.1000000000000001e+00
1.8220821424334146e+00
1.2908663564214973e+00
1.1000000000000001e+00
1.1000000000000001e+00
1.7121157696446834e+00
1.1000000000000001e+00
1.9547729601532635e+00
1.7056248596346164e+00
1.1000000000000001e+00
1.1137871461502746e+00
1.1000000000000001e+00
1.8233796647641254e+00
1.4758137831321618e+00
1.3293696698701793e+00
1.2534842032720068e+00
1.3116718510483205e+00
1.5182828479012118e+00
1.5413409149379418e+00
1.5208295364987250e+00
1.6881335533648425e+00
1.5326385300611938e+00
1.5556719043222298e+00
2.0035631712251956e+00
1.3276807599053648e+00
1.1602902017184105e+00
1.9425749786695747e+00
1.1649396751419279e+00
1.8449560752519687e+00
1.5735280069745552e+00
1.1000000000000001e+00
1.5818964927704195e+00
1.1763878296959045e+00
1.1985564090602925e+00
1.1826397514119575e+00
1.5844878892427747e+00
1.1860073337446937e+00
1.1866405285556287e+00
1.3115218842280065e+00
1.1000000000000001e+00
1.5974356271631627e+00
1.5440077391295337e+00
1.5339877454612936e+00
1.1907782170053558e+00
1.1905331885339823e+00
1.6097725261719413e+00
1.1908683620263885e+00
1.1898829531345074e+00
1.6738163471421594e+00
1.6745650510215995e+00
1.1886305139152558e+00
1.6844614969434972e+00
1.1000000000000001e+00
1.6116235384764390e+00
1.1806467342957017e+00
1.1805715189591766e+00
1.6118559208358181e+00
1.4812880484614701e+00
1.8768247565520948e+00
1.2570707441933777e+00
1.8836099227074683e+00
1.7201972194344199e+00
1.6082608717311633e+00
1.1000000000000001e+00
1.6081029937510387e+00
1.1498896533947263e+00
1.3022989383771275e+00
1.1432720206971536e+00
2.0272752020827731e+00
1.7094550222550275e+00
1.6010077431398952e+00
1.9356355838091974e+00
1.5968804073426022e+00
1.1131088858559988e+00
1.1103494533685141e+00
1.5903972933005404e+00
1.1230672049847688e+00
1.9056686288809161e+00
1.4662994929746154e+00
1.1180112858146780e+00
1.1229002268235253e+00
1.5553738537934816e+00
1.9098362651295797e+00
1.6136418628169720e+00
2.0134664082281226e+00
1.1573489132444577e+00
1.1000000000000001e+00
2.0527148296702293e+00
1.1716267063504682e+00
1.2340902004166270e+00
1.5799460115635624e+00
1.1000000000000001e+00
1.1756049122726719e+00
1.8364624101456268e+00
1.5258831207090897e+00
1.2058069325777068e+00
1.9164192910310835e+00
1.2093525472366853e+00
1.2165999621576633e+00
1.2171279266547361e+00
1.2193350254399666e+00
1.2219569562571839e+00
1.2651087737614999e+00
1.7076589302236571e+00
1.2258637659340554e+00
1.5392947040210705e+00
1.2282658899988657e+00
1.9624072706097007e+00
1.2288149469966947e+00
1.2285554812597350e+00
1.6464646387301802e+00
1.2282878255549916e+00
1.3857356677915806e+00
1.5061698383953528e+00
1.4874346851307063e+00
1.9867212080534575e+00
1.4646014760721004e+00
1.2119203925100654e+00
1.2173997908513430e+00
1.2147031248548419e+00
1.5601071819217467e+00
1.5387469403222249e+00
1.2081205143627163e+00
1.2048863673877874e+00
1.2257500566059227e+00
1.4447643195372950e+00
2.0161572713076175e+00
1.4364108030514740e+00
1.6105383188232303e+00
1.4090567521465620e+00
1.5420491215695795e+00
1.7116826065286879e+00
1.1629206612025038e+00
1.1581958796622565e+00
1.2923304527093802e+00
1.1424562181011420e+00
1.1340265349838394e+00
1.7049058779422417e+00
1.1209881230196577e+00
1.1151034769248132e+00
1.4966338960787562e+00
1.1000000000000001e+00
1.1000000000000001e+00
1.9140768352648825e+00
1.1205210537906771e+00
1.1262206959784467e+00
1.1313774402173660e+00
1.6434650096877899e+00
1.1530289607551507e+00
1.3196855325060197e+00
1.1681656357767176e+00
1.1678637003785757e+00
1.1772624764992674e+00
1.1837678509499125e+00
1.1933625142361626e+00
1.1982383155800653e+00
1.2033085369242082e+00
1.2075830924140083e+00
1.2112311461916545e+00
1.8867617871924616e+00
1.2236530160460963e+00
1.4660736877221241e+00
1.2279579200426667e+00
1.2361869528220533e+00
1.2375282934349856e+00
1.2397135459054014e+00
1.2426098242196701e+00
1.2436134527307849e+00
1.2449618455812099e+00
1.2459298609887082e+00
1.2478898449433395e+00
1.2488856193075897e+00
1.3477889375274599e+00
1.3451213379058480e+00
1.3341893427098277e+00
1.2497932715349560e+00
1.2491033641766991e+00
1.6370377308326181e+00
1.2477847267261177e+00
1.6678921900319923e+00
1.2459863627726564e+00
1.6790791639544795e+00
1.2420413744403405e+00
1.2377432431163791e+00
1.2336316112311667e+00
1.2975290182839407e+00
1.2286906202978822e+00
1.2259191534696652e+00
1.2222516853882364e+00
1.2194509707393986e+00
1.3653685676506768e+00
1.2075931292506175e+00
1.2447670163573024e+00
1.1987548738315470e+00
1.1908145350279506e+00
1.1835432465145228e+00
1.8752206690969768e+00
1.7919642675975453e+00
1.1685994491831253e+00
1.1580658836183002e+00
1.1520365963614279e+00
1.1399136270890586e+00
1.2752401509126825e+00
1.1240161641670405e+00
1.1155207082559333e+00
1.2379693930726283e+00
1.5207836234938803e+00
1.1000000000000001e+00
1.8001438277054986e+00
1.9929594128739321e+00
1.1395150115093029e+00
1.1445906399843775e+00
2.0169259109040043e+00
1.7552840857064274e+00
1.1804183038343599e+00
1.7728449388336249e+00
1.3554449335038432e+00
2.0815458010230428e+00
1.1583610261900688e+00
2.0787290711047168e+00
1.3008366778644196e+00
1.7637435743432928e+00
1.1000000000000001e+00
1.4513793254372853e+00
1.5454489851744433e+00
1.9158445499391670e+00
1.9315909293340867e+00
1.2824682830757694e+00
2.0584972036407088e+00
1.2957396934685168e+00
1.3358646001283088e+00
1.9685618222161074e+00
1.9181393557319510e+00
1.8944829733217028e+00
1.2832767366228470e+00
1.3124573371819372e+00
2.0315121258681574e+00
2.0152353585907790e+00
1.3157857753863988e+00
1.5921791495271591e+00
1.3151037056700110e+00
1.2001916301263056e+00
1.3130014183644145e+00
1.3122742860182210e+00
1.2457242011938099e+00
1.6551945259885419e+00
1.2700195427803411e+00
1.6144748211080333e+00
1.9628763691536959e+00
1.1000000000000001e+00
1.2901661973752856e+00
1.2842310381621154e+00
1.1732382350163535e+00
1.3170891049748874e+00
1.9416388849586390e+00
1.3219927480552940e+00
1.5868547771128778e+00
1.6693432096137482e+00
1.2422752176204845e+00
1.2298341351461670e+00
1.2187306097785642e+00
1.9316074151184963e+00
1.2034759326980757e+00
1.7114199927368015e+00
1.6964670488670153e+00
1.8397438090545157e+00
1.1567965966762237e+00
1.1305777259108276e+00
1.1352904211932910e+00
1.1243725576939712e+00
1.2238168563149363e+00
1.1000000000000001e+00
2.0556238494041157e+00
1.1000000000000001e+00
1.1405105135111651e+00
1.1510803948837172e+00
1.1581678494868055e+00
1.1829256208292105e+00
1.1967325829890723e+00
1.3092324123487478e+00
1.2251538788990504e+00
1.2267594797307426e+00
1.2443643206268933e+00
1.2512093054354811e+00
1.2719961695609163e+00
1.2806160525131565e+00
1.7489082541197378e+00
1.2986569677011151e+00
1.3033804429030296e+00
1.9735016124099698e+00
1.3277329205017709e+00
1.9582258007768800e+00
1.3351185547687270e+00
1.3468334034725440e+00
1.3514098431272072e+00
2.0210476417054597e+00
1.3608049265890758e+00
1.3626286634864981e+00
1.3652372828949240e+00
1.4548864220311184e+00
1.3726125404931340e+00
1.3748762456867831e+00
1.4188258418709156e+00
1.9935405888110158e+00
1.8131641255876849e+00
1.3767398732919167e+00
1.3759350540328399e+00
1.3735495309174552e+00
1.3723963423021557e+00
1.6552158374893928e+00
1.3684049401296725e+00
1.6322568879289319e+00
1.3607300667675457e+00
1.4003011148849613e+00
1.3470782178049769e+00
1.3448910190714742e+00
1.5964654818423023e+00
1.3298760953681383e+00
1.1924511321115070e+00
1.3193523831786129e+00
1.3098409605219543e+00
1.2979381240531707e+00
1.2865843426167967e+00
1.2829858251025843e+00
1.4502102902150436e+00
1.9915599508145982e+00
1.8591613863602316e+00
1.2358581248044962e+00
1.2272263505732015e+00
1.2070082995748403e+00
1.1477387060992743e+00
1.1745253257638790e+00
1.4274268817901978e+00
1.1431591677402977e+00
1.6773400182474425e+00
2.0391017613021161e+00
1.2944703192235374e+00
1.1000000000000001e+00
2.0105286329177772e+00
1.1488887637073795e+00
1.6084897702829326e+00
1.1000000000000001e+00
1.2331044936539466e+00
1.2195231941769251e+00
1.2341008861315044e+00
1.2534220343389275e+00
1.3086324452080338e+00
1.2503575853919748e+00
1.2890704154541188e+00
1.3132975253026398e+00
1.3244061770424242e+00
1.3356435261589763e+00
1.3476085808305447e+00
1.3535158581474398e+00
1.3303745518172991e+00
2.0335908820125055e+00
1.5384949944365487e+00
2.0040802008650953e+00
1.4060343488167775e+00
1.4117086942240951e+00
1.8699763296208203e+00
1.4240312241415252e+00
1.8701971102116874e+00
1.4310923086706233e+00
1.8917715478738892e+00
1.4394047519452997e+00
1.4413296159703759e+00
1.2018746257442428e+00
1.4436316443274309e+00
1.6181022288964799e+00
1.4433160072926781e+00
1.4427162634590138e+00
1.4400152507290920e+00
1.4399626782147932e+00
1.6070771438720493e+00
1.6448764076660287e+00
1.3213611262506233e+00
1.6174095968408899e+00
1.5596913150440952e+00
1.5836494059660784e+00
1.5634366373951472e+00
1.3941132135064083e+00
1.1647005922074531e+00
1.9877969986067554e+00
1.3731554270536013e+00
1.6823508087681169e+00
1.2112470073274391e+00
1.2731816119625041e+00
1.3268047894500066e+00
1.5381717262796821e+00
1.2904870664880563e+00
1.1682501273328476e+00
1.2664033249257169e+00
1.2572407600177986e+00
1.3601090558498310e+00
1.6067114171164765e+00
1.1000000000000001e+00
1.1000000000000001e+00
1.1549867917580301e+00
1.1382946991135050e+00
1.1359767436801513e+00
1.1000000000000001e+00
2.0266370608477313e+00
1.5909213594713427e+00
2.0326505995302404e+00
1.8539812159589550e+00
1.2889526347137834e+00
1.2153011178952255e+00
1.2341735810324992e+00
1.5874350473379726e+00
1.2720728550295226e+00
1.2761207045578138e+00
1.1376021551505267e+00
1.5328986814825274e+00
2.0822627025760454e+00
1.3532785326239640e+00
1.3635695069402241e+00
1.7442698469257745e+00
1.3840710591295595e+00
2.0203334007541418e+00
1.4158596889532964e+00
1.1000000000000001e+00
2.0088908065143176e+00
1.5843193834875064e+00
2.0500052428785920e+00
1.5840632574363154e+00
1.4620681205948878e+00
1.4645236827572861e+00
1.8719362939037896e+00
1.5768230237934859e+00
1.4805690883895317e+00
1.3827201325365577e+00
2.0708891506597671e+00
1.4855899055855335e+00
1.5723463913165050e+00
1.3746787779789311e+00
1.8585436537335402e+00
1.5797614651838643e+00
1.4795972221149485e+00
1.4199665064651796e+00
1.4735238095190355e+00
1.5159987590122417e+00
1.4626304286258753e+00
1.3796805609109872e+00
1.4449502165799333e+00
1.4480883535656968e+00
1.4300554215569363e+00
1.4215562810711413e+00
1.9239666634581072e+00
1.4056380765087038e+00
1.3918537278102219e+00
1.9048981725466083e+00
1.3604142064281852e+00
1.5137939104296791e+00
1.5666659242166410e+00
1.1054523985376130e+00
1.5471686032430194e+00
1.2866418745398760e+00
1.2768409095046200e+00
1.2495510049067216e+00
1.2353121911386449e+00
1.2037636312007014e+00
1.1523117864015981e+00
1.1614620972730005e+00
1.1440290647454228e+00
1.4365978818195393e+00
1.1000000000000001e+00
1.1000000000000001e+00
1.1228932859770377e+00
1.1643770275798566e+00
1.5884782109622149e+00
1.1964413757559698e+00
1.9476041285158223e+00
1.2589927493623903e+00
1.2845482929583456e+00
1.2385662370774451e+00
1.3087694389833173e+00
1.3396547211002214e+00
1.9946758337548303e+00
1.3830835953840555e+00
1.4002872159704118e+00
1.4128057265750997e+00
1.6432059363538905e+00
1.4362602152426742e+00
1.1943646299890167e+00
1.4743679506530505e+00
1.4772879216649981e+00
1.4886615500055391e+00
2.0312840729017303e+00
1.5130342340855356e+00
2.0388585545530957e+00
1.5294437842183040e+00
1.5317415101796323e+00
1.5383428536943817e+00
1.5436435713855119e+00
2.0696727926027694e+00
1.1000000000000001e+00
1.5163648810658668e+00
1.1000000000000001e+00
1.5567854129694327e+00
1.5569104049618168e+00
1.1000000000000001e+00
1.5521617339049734e+00
1.5520678996321480e+00
1.5457788506561558e+00
1.4605503984755173e+00
1.5364134538513112e+00
1.5287470223920152e+00
1.5054808433908657e+00
1.3822307067766353e+00
1.8379778713847068e+00
1.9499336716669193e+00
1.4811424461265961e+00
1.1000000000000001e+00
1.7154744660168164e+00
1.4458608921424752e+00
1.7178850638134899e+00
1.7073433016153614e+00
1.4007700671271985e+00
1.3765184889088911e+00
1.3522437980886353e+00
1.3367668965731998e+00
1.3956695300798183e+00
1.3096198063737408e+00
1.2773937985245238e+00
1.2551365293713472e+00
1.3143135293963246e+00
1.3969582990532214e+00
1.1728113370204147e+00
1.1512869182100165e+00
1.1268993750788598e+00
1.1865431138665976e+00
1.1000000000000001e+00
1.5751918006539019e+00
1.1000000000000001e+00
1.3012623447765810e+00
1.2300809069400058e+00
1.2115756345777899e+00
1.7256890182241356e+00
1.1000000000000001e+00
1.4439561080118708e+00
1.3167101954297302e+00
1.3474441208001855e+00
1.3617167992945367e+00
1.3931315456954454e+00
1.4183334256284004e+00
1.4246487910387260e+00
1.4395495362065969e+00
1.4483065960514538e+00
2.0333878962128269e+00
1.4877596435007547e+00
1.4904806718766197e+00
1.5017939908225904e+00
1.3666796610544083e+00
1.5283919459472894e+00
1.9500492771835924e+00
1.5461265926078114e+00
1.5468132086046666e+00
1.5536134445453491e+00
1.5589424157964886e+00
1.5649983104924701e+00
2.0611970204428780e+00
2.0502457926958209e+00
1.5717498467643267e+00
1.5717500926535957e+00
1.5731100666843674e+00
1.5723999352206497e+00
1.7961706153766437e+00
1.5671020065448147e+00
1.5618016215640584e+00
2.0010429290114113e+00
1.5515705348573792e+00
1.5438350349371182e+00
1.4176368857132227e+00
1.5211858405126930e+00
1.5176227521279617e+00
1.5047577346312351e+00
1.4943733763186871e+00
1.3022471153652453e+00
1.3241512865753791e+00
1.8314620532617838e+00
1.2882649997630626e+00
1.4177471108184649e+00
1.6768911865049572e+00
1.3851052116000004e+00
1.2660574930110868e+00
1.4125288757421655e+00
1.9500077662585142e+00
1.3167779008895242e+00
1.2823892831563115e+00
1.2621971697435561e+00
1.2966786132816828e+00
1.2012924126196647e+00
1.1755709157123391e+00
1.3749351106658974e+00
1.1262608294107275e+00
1.4784989945357752e+00
1.7959613517670170e+00
1.1269357172587593e+00
1.1751880826275167e+00
1.8836251166057274e+00
1.2110252624782500e+00
1.8969755900547387e+00
1.2521706201071405e+00
1.3133524480859311e+00
1.3346848505715529e+00
1.3410307449128289e+00
1.2029131330707987e+00
1.3904916983305191e+00
1.4260985961389285e+00
1.1750887926127203e+00
1.9251259915802732e+00
1.9677669319993887e+00
1.4856316288283513e+00
1.7472789203791734e+00
1.5291745640899963e+00
1.9145321152594823e+00
1.9823634585663477e+00
1.5659540922733559e+00
1.5747388388252119e+00
1.1568065764002360e+00
1.5947514898102682e+00
1.5990682385622315e+00
1.6968956457154967e+00
1.6102783497259898e+00
1.2095023844175354e+00
1.6216728985069022e+00
1.4316227144291345e+00
1.6247784716331082e+00
1.6248246664656107e+00
1.6242204885303255e+00
1.2207781041380128e+00
1.6195640454067983e+00
1.6184638497053656e+00
1.4954663311925396e+00
1.6095031206700492e+00
1.5265631870301204e+00
1.5937017109693778e+00
1.8529702841791473e+00
1.5677410477646203e+00
1.5637670393462477e+00
1.8790719289064375e+00
1.5375651952834288e+00
1.5273195314037296e+00
1.3303956538111248e+00
1.4982662422746456e+00
1.1749433176994457e+00
1.4536800587925158e+00
1.1000000000000001e+00
1.6717044448964207e+00
1.3899349204948368e+00
1.3722464253856219e+00
1.3540903948613057e+00
1.5698645905785575e+00
1.1697861476298996e+00
1.2799523518551876e+00
1.1000000000000001e+00
1.2124627506363950e+00
1.3820939202542197e+00
1.1227474042196548e+00
1.2291111040026421e+00
1.4925509047428043e+00
1.3783952901628294e+00
1.1297092600969609e+00
1.1803256496164827e+00
1.1597084636329646e+00
1.8930017935997372e+00
1.2694113743934179e+00
1.2970242574693125e+00
1.3293909945811286e+00
1.3532839582987646e+00
1.6690498986954598e+00
1.2777502645808840e+00
1.4126369791138313e+00
1.4507666758440756e+00
1.3559457565486195e+00
1.4870600060611352e+00
1.5055447793129730e+00
1.7325469202360733e+00
1.1740615215728794e+00
1.9581933111571805e+00
1.1874796018744431e+00
1.5793495524226207e+00
1.6021687345430478e+00
1.6120843947606009e+00
1.9219538837620735e+00
1.6315444885524473e+00
1.2279644266673948e+00
1.7319476803384624e+00
1.8253381490454232e+00
1.2474036678916922e+00
1.3633653868027267e+00
1.1566902156655130e+00
1.3114986728370988e+00
1.8449553475498530e+00
1.1128557816955664e+00
1.6633534236034664e+00
1.6586948195965434e+00
1.2939492402991297e+00
1.3227385254174784e+00
1.3183187263442138e+00
1.3315417531547882e+00
1.6311466206232694e+00
1.4351184057306394e+00
1.6035561151155193e+00
1.7404736238580818e+00
1.8927542946939135e+00
1.5701609411333610e+00
1.5592521709599376e+00
1.3750688608736763e+00
1.7297688549433168e+00
1.3867820911014861e+00
1.4798238360227969e+00
1.4719692528722759e+00
1.4412266089921619e+00
1.4118642058511450e+00
1.4901359769219735e+00
1.3731227703110549e+00
1.3581574952454787e+00
1.3187608069179375e+00
1.2920227715645867e+00
1.4108479726589513e+00
1.2217649661728749e+00
1.1913805125129053e+00
1.1638915999033101e+00
1.1334659920495262e+00
1.1000000000000001e+00
1.1000000000000001e+00
1.1321926431189282e+00
1.1872181355148272e+00
1.2567239264115126e+00
1.2282852089415499e+00
1.2831797154884585e+00
1.7042584883479839e+00
1.1000000000000001e+00
1.3672616229928445e+00
1.4471068668446274e+00
1.4492930719698469e+00
1.1000000000000001e+00
2.0658449903455276e+00
1.4573741195380125e+00
1.9008038506761920e+00
1.5387331479786908e+00
1.5491661618730963e+00
1.6796785547860613e+00
1.5984732943107320e+00
1.6023630313663719e+00
1.6152444587302781e+00
1.6431803244446574e+00
1.4890173166735803e+00
1.6634869564017105e+00
1.6749978039141407e+00
1.6782286363915149e+00
1.6858191691100328e+00
1.6928277855501217e+00
1.1000000000000001e+00
1.7054852140802377e+00
1.2552727241535893e+00
1.7093281183676199e+00
1.7098691316024541e+00
1.1815828568852096e+00
1.7079544547041869e+00
1.7022641915635426e+00
1.7017899129771572e+00
1.6945388122928839e+00
1.6901848784711022e+00
1.6836478394266936e+00
1.6729878143975883e+00
1.4767123980687822e+00
1.4683168828232145e+00
1.6379889684831672e+00
1.6218619737240758e+00
1.6078509682526980e+00
1.9614100421728518e+00
1.5839667881548645e+00
1.5613214286046464e+00
1.4740081905111624e+00
1.5108058277803058e+00
1.5010557287574977e+00
1.4681114635874357e+00
1.4363133469532543e+00
1.5356841985520053e+00
1.3941489085728194e+00
1.3790533284609987e+00
1.3212476881576358e+00
1.3083972501842556e+00
1.2406213693036408e+00
1.2326483803483117e+00
1.4823145887890918e+00
1.4195518771104028e+00
1.4902564208455800e+00
1.1583506091634816e+00
1.2255628437916111e+00
1.4966719140478504e+00
1.1000000000000001e+00
1.2171004608235789e+00
1.2376692453827356e+00
1.2105127242903506e+00
1.3285332122014557e+00
1.3549310640031298e+00
1.3939356865650157e+00
2.0449304419308421e+00
2.0585150678059345e+00
1.4612330344298037e+00
1.5070718356730217e+00
1.8472618929776141e+00
1.5482913239467397e+00
1.8820578614615633e+00
1.6301763210393483e+00
1.4992815939266402e+00
1.6374609361455610e+00
1.6427820498016248e+00
1.9631216054497089e+00
1.8974092701278169e+00
1.5090994018015891e+00
1.7030195485999100e+00
1.7050152772614720e+00
1.7578512984907868e+00
1.8038632803863563e+00
1.1000000000000001e+00
1.5759631707866020e+00
1.1000000000000001e+00
1.1000000000000001e+00
2.0381317221838549e+00
1.4797473997822703e+00
1.5209402041033826e+00
1.2035028728360688e+00
1.7913320519484792e+00
1.1444290883937682e+00
1.9000152936635504e+00
1.5204780730574172e+00
1.2562382832768253e+00
1.7159389265538594e+00
1.5972809068314708e+00
1.6855407265516280e+00
1.6800789608734936e+00
1.1000000000000001e+00
1.6458255553548145e+00
1.2530389422244941e+00
1.6201001142456677e+00
1.5945191393286533e+00
1.6132379208514833e+00
1.5412827169352243e+00
1.6522678322152045e+00
1.6389795637696194e+00
1.9047693688114231e+00
1.5222725116995950e+00
1.9255355366559366e+00
1.4570687415320103e+00
1.3534567609371222e+00
1.3232824091189141e+00
1.2769437995852289e+00
1.2424223266612366e+00
1.4376566094946255e+00
1.1739907721953213e+00
1.8785174087138556e+00
1.1000000000000001e+00
1.2393926361518224e+00
1.1366020573123332e+00
1.1972912367623982e+00
1.1984015933684409e+00
1.5183629598814099e+00
1.8764912668475215e+00
1.7393621332912399e+00
1.7699754726260430e+00
1.8161058535717600e+00
1.5113883339846379e+00
1.2544726532109998e+00
2.0688270563333506e+00
1.2247297326119357e+00
1.2461528800198074e+00
2.0307779400509802e+00
1.8278033722374756e+00
1.6125193021008077e+00
1.5979567092899924e+00
1.6702584137744372e+00
1.6757929306254498e+00
1.1000000000000001e+00
1.7208852528188290e+00
1.7309946650513552e+00
1.7432727507671915e+00
1.6306276203862624e+00
1.7583802510673125e+00
1.1442279872919308e+00
1.7759908837492642e+00
1.2372367458263891e+00
1.7905337395823040e+00
1.7926075096512188e+00
1.3410542230855658e+00
1.7950917342319959e+00
1.7943111694178002e+00
1.1000000000000001e+00
1.7872853262217527e+00
1.7870098474166149e+00
1.7782541761807438e+00
1.7729274713981398e+00
1.3598674227471994e+00
1.3668864326993155e+00
1.4862762012077328e+00
1.1000000000000001e+00
1.4866214526290997e+00
1.1513319406790408e+00
1.2793387851716760e+00
1.4761232147182317e+00
1.2056285422110049e+00
1.1000000000000001e+00
1.4732456620463192e+00
1.5691425108256163e+00
1.5579410152992823e+00
1.9068967200686853e+00
1.4832015713199822e+00
1.4907515524077781e+00
1.4362669931911456e+00
1.4352569660621277e+00
1.7224382977554682e+00
1.4601831125505822e+00
1.7218630606167142e+00
1.1709978901207554e+00
1.4512289169053789e+00
1.9465573341103464e+00
1.9796030684996004e+00
1.1553321975045852e+00
1.1000000000000001e+00
1.1374955648770479e+00
1.2036923727819968e+00
1.2311677074007710e+00
1.2542506006736158e+00
1.3180496320946689e+00
1.3548126992651071e+00
1.3960444553531981e+00
1.4274588983393581e+00
1.4372071919107268e+00
1.2414547808326015e+00
1.5021886696465130e+00
1.5544316301744032e+00
1.2722478173654790e+00
1.5992687520682536e+00
1.6256822223471434e+00
1.6377553571023316e+00
2.0090030687234059e+00
1.6986545074926249e+00
1.4351176032454576e+00
1.9181789847080581e+00
1.3882118432611490e+00
1.7629504293556040e+00
1.4354572393469873e+00
1.7879930436626879e+00
1.7915831104492683e+00
1.4019132302072370e+00
1.8087317815826323e+00
1.8500689227616611e+00
1.8248020413436306e+00
1.8276588922785018e+00
1.8302282007599848e+00
1.2249974234045993e+00
1.8293304878107237e+00
1.8290580505774434e+00
1.8219224276608736e+00
1.4857057622502705e+00
1.5340949440487401e+00
1.8076131663309161e+00
1.7990136776486929e+00
1.7855720457319586e+00
1.6028596407626541e+00
1.7522871655007861e+00
1.7465224830342827e+00
1.7249231449729505e+00
1.7087203993833207e+00
1.6118035750270867e+00
1.6791664290520276e+00
1.6519775763126732e+00
1.6221516148395871e+00
1.5924655427975773e+00
1.5807827530323326e+00
1.5410213385976312e+00
1.5025399858129154e+00
1.4783437466426672e+00
1.7175551072084052e+00
1.4339740005798642e+00
1.3825671361275094e+00
1.3490350147567458e+00
1.2971372654454258e+00
1.2585006492291206e+00
1.1983781112276772e+00
1.1828964323423574e+00
1.2128800271490765e+00
1.1000000000000001e+00
1.2752380453068932e+00
1.1367343058566708e+00
1.2075867455596607e+00
1.3862367333814118e+00
1.8133231619125381e+00
1.3815299646558543e+00
1.3586127371242707e+00
1.4023612617179699e+00
1.7660596983002301e+00
1.2784580228486926e+00
1.3315421590013452e+00
1.3541818783413386e+00
1.5611796345448639e+00
1.5448943325888045e+00
1.6070276152435194e+00
1.7427762979735297e+00
1.5583366630773297e+00
1.2936751684176291e+00
1.7075699967576810e+00
2.0609914669623683e+00
2.0496294636699490e+00
1.7618544525320545e+00
1.8822401851853698e+00
2.0787177790116682e+00
2.0841450360563911e+00
1.8032786798734530e+00
1.5801277985918534e+00
1.8207419771969855e+00
1.8298694101010051e+00
1.8361404773213816e+00
1.2412834842214777e+00
1.8408788155143119e+00
1.2652529633794651e+00
1.9501405932096911e+00
1.8401042508727585e+00
1.8333602691696711e+00
1.2142043157338145e+00
1.8242992164017187e+00
1.8188798352464655e+00
1.8081383063868135e+00
1.7956358333035427e+00
1.7793751013035155e+00
1.7618658890061289e+00
1.6834953346698698e+00
1.7342145764637191e+00
1.7182082876943066e+00
1.7031092839298152e+00
1.6869230984320704e+00
1.6602127733830554e+00
1.6292367808027579e+00
1.1892200141538196e+00
1.7567930161774810e+00
1.1000000000000001e+00
1.9010027188463567e+00
1.2059415529537076e+00
1.4769900740267490e+00
1.9990380352083459e+00
1.8278895975573937e+00
1.1915120235383547e+00
1.3007903398824665e+00
1.2600396140940133e+00
1.1000000000000001e+00
1.1829637364346572e+00
1.1216429762521882e+00
1.1776577618636208e+00
1.3042401094199685e+00
1.1381688028603483e+00
1.5360394216951054e+00
1.2395847419783954e+00
1.2629270693429802e+00
1.6370966295324818e+00
1.3701055836792491e+00
1.5493564928523758e+00
1.4474402896615333e+00
1.4567062974150007e+00
1.9904652871964610e+00
1.5254381540114568e+00
1.5810393277790564e+00
1.1586448285698614e+00
1.6287415227868991e+00
1.6178190175234732e+00
1.6694972878872050e+00
1.7045531825626512e+00
2.0320673055437726e+00
1.1722255685910286e+00
1.1855168573658401e+00
1.7897134437293214e+00
1.8020722549746782e+00
1.1000000000000001e+00
1.8291770111270029e+00
1.8336170061850856e+00
1.5323548607281596e+00
1.8511757419455424e+00
1.8608149570392283e+00
1.2237358638181381e+00
1.8704074774551747e+00
1.8725139990820254e+00
1.1971027037594983e+00
1.8720463155458347e+00
1.8705448553475235e+00
1.2479100090966517e+00
1.2964934544128528e+00
1.2915315295067407e+00
1.8487085306380757e+00
1.8394610081709362e+00
1.8548693947309589e+00
1.8085687583728267e+00
1.9704220698288142e+00
1.8770533084942955e+00
1.6434607048890899e+00
1.2839654393346971e+00
1.6286352712526313e+00
1.7125789215228497e+00
1.6854677028627969e+00
1.6522700770291305e+00
1.2064978568640778e+00
1.6093225055381679e+00
1.2060029440345579e+00
1.6544350599190816e+00
1.5016104802955148e+00
1.2440350556623538e+00
1.4534701330266753e+00
1.3992093619532378e+00
1.3646440404678859e+00
1.2164248105877338e+00
1.2676681626302975e+00
1.3163690443960019e+00
1.7091408982976128e+00
1.1437901711934544e+00
1.1000000000000001e+00
1.9522603745482285e+00
1.4405188332972871e+00
1.3297864379374880e+00
1.2453269615025502e+00
1.2697420733113776e+00
1.3535759087356931e+00
1.6077224251839837e+00
1.9100118882284423e+00
1.4656425134389699e+00
1.4743278915202156e+00
1.3796108141896350e+00
1.3988893687598385e+00
1.6050112413179134e+00
1.6472784350666168e+00
1.6548934890578502e+00
1.9283212097466722e+00
1.5714162936983129e+00
1.7344332591296912e+00
1.7653575075252597e+00
2.0835126710464649e+00
2.0815209838223936e+00
1.8241277506996334e+00
2.0891169983930400e+00
1.4036455451611227e+00
2.0879932255702220e+00
1.1000000000000001e+00
1.2856971453905319e+00
1.9845829992919730e+00
1.8991661559127966e+00
1.9051182611925443e+00
1.9082277063121043e+00
1.5024436095940836e+00
1.1000000000000001e+00
1.3027822647380634e+00
1.1000000000000001e+00
1.9020953172182518e+00
1.9010161770931993e+00
1.8919299267079170e+00
1.4483770277624244e+00
1.5786658829069546e+00
1.4657222885811179e+00
1.8442225340489478e+00
1.6977489745048779e+00
1.8180095300408428e+00
1.7935447627595840e+00
1.7757855167975727e+00
1.7599757650530101e+00
1.7435946944063685e+00
1.5735127642281290e+00
1.6801659598421304e+00
1.6469201770736339e+00
1.6337449861196958e+00
1.2290091632263149e+00
1.5482334343080781e+00
1.5209541102578581e+00
1.7689168450438673e+00
1.4712644618144082e+00
1.4146728305207330e+00
1.3768191058257657e+00
1.4722440764284057e+00
1.2754715158495711e+00
1.2295520872553762e+00
1.1911020636527467e+00
1.1460512453458369e+00
1.1000000000000001e+00
1.1000000000000001e+00
1.1432502311793304e+00
2.0943125703815291e+00
1.1945655122023449e+00
1.2767384984041963e+00
2.0157195906515120e+00
1.3933023749217779e+00
1.1678100896522916e+00
1.4773066139423467e+00
1.4883307968304045e+00
1.4468219313123925e+00
1.5616760902096425e+00
1.6212946774652433e+00
1.6511090525843564e+00
1.6745724065400871e+00
1.8281162643604449e+00
1.7185296361528515e+00
1.2358648361797295e+00
1.1493071807309172e+00
2.0509590313077011e+00
1.4871512974663661e+00
2.0906933282708851e+00
1.8625646935115219e+00
1.2177373823873077e+00
1.8893606567370047e+00
1.8935919132253487e+00
1.7263133036399063e+00
1.9157311920491411e+00
1.3576087168368467e+00
1.2353607328181566e+00
1.4971922271147153e+00
1.9394126911766980e+00
1.6937927013482819e+00
1.9377405695415615e+00
1.2140820437342326e+00
1.9315089757003137e+00
1.9298224251215137e+00
1.9203798933450100e+00
1.3837323853684800e+00
1.9027548283800577e+00
1.4137070215462499e+00
1.8706575500005305e+00
1.8505215643940667e+00
1.4815055829534656e+00
1.8185162032916868e+00
1.8001882654960468e+00
1.7841436279337459e+00
1.1697451880908396e+00
1.7357446140313459e+00
1.5080044908296593e+00
1.6656374191630168e+00
1.6530806670188969e+00
1.7790196318097580e+00
1.5636377768800889e+00
1.5090267279408316e+00
1.5057501386259664e+00
1.4841668974567412e+00
1.5095394522409777e+00
1.3875899248253898e+00
2.0040244947495993e+00
1.2825258947652856e+00
1.2348268188802536e+00
1.4874921479855532e+00
1.2026393412918810e+00
1.1000000000000001e+00
1.1000000000000001e+00
2.0868056335779670e+00
1.2214318202509371e+00
1.7502009376348688e+00
1.2202317481840637e+00
1.5109380795747474e+00
1.1642491992769040e+00
1.5104763616759875e+00
1.4830074625450200e+00
1.4935941609538983e+00
1.7567693023832884e+00
1.7018696894893450e+00
1.6784609515634059e+00
1.6600842404732332e+00
1.6828244850395420e+00
1.2602734775122899e+00
1.7274026030410221e+00
1.9198303149018772e+00
1.7980481133526540e+00
1.8039303272855318e+00
1.8229176795528286e+00
1.8599096880053461e+00
1.2735801424761055e+00
2.0393538366258213e+00
1.9009439593265580e+00
1.5050875277798037e+00
1.9161250411837645e+00
1.9286729539047214e+00
1.7751518856162203e+00
1.9467573637888274e+00
1.8878972216919363e+00
1.9518593804924835e+00
1.6734680111158886e+00
1.9493445265460365e+00
1.5048175399926182e+00
1.2946625867875750e+00
1.4986840051719328e+00
1.9325620873850511e+00
1.4227973138981003e+00
1.9142373399143897e+00
1.8997756748575365e+00
1.4957340689482908e+00
1.8607563550875421e+00
1.8532921428341997e+00
1.8283422035690646e+00
1.3867720546220106e+00
1.4284185539618883e+00
1.4928864367786150e+00
1.7440993069152140e+00
1.7081637968725922e+00
1.6743309134488100e+00
1.2049770322218252e+00
1.1485162691892601e+00
1.5695822378383679e+00
1.5414214463866118e+00
1.5112887196049680e+00
1.4896808901873388e+00
1.5717996203725366e+00
1.3923154484035183e+00
1.3304234875756320e+00
1.4777161347363821e+00
1.5997148293232495e+00
1.4683638542240582e+00
1.4630472280193494e+00
1.4374976972605775e+00
2.0563667096747484e+00
1.1490220076834374e+00
1.2252185519726266e+00
2.0661383801687192e+00
1.2867234143225093e+00
1.4452633164086057e+00
1.4106997863625235e+00
1.1000000000000001e+00
1.4981260881634528e+00
1.5099623216804776e+00
1.3056981109042047e+00
1.5829178404889308e+00
1.5579096048968988e+00
1.6850846190029287e+00
1.7076115552392448e+00
1.1000000000000001e+00
1.8729964496236291e+00
1.1479218229436527e+00
1.1309060958430632e+00
1.8296855227064204e+00
1.3493329695610528e+00
1.4637733747562574e+00
1.1294355477361115e+00
1.9209343451535346e+00
1.9359132540535526e+00
1.5874409904886826e+00
1.9514981067150943e+00
1.6145434246889148e+00
1.3789248246328791e+00
1.3684567765664797e+00
1.3700982533582551e+00
1.3169176173999835e+00
1.3026064558399697e+00
1.9842989091974583e+00
1.1000000000000001e+00
1.9798597457425013e+00
1.7011520952710890e+00
1.3552916132773745e+00
1.8734113932163632e+00
1.9493029321779658e+00
1.9342823168449319e+00
1.2989066405367475e+00
1.8924222985500987e+00
1.8855151520735287e+00
1.8588247880333151e+00
1.3452250649051967e+00
1.8226087876345995e+00
1.8047410008540821e+00
1.4580230264907230e+00
1.7346136907534864e+00
1.8870028885256540e+00
1.6850796070160123e+00
1.7896459860813434e+00
1.5899271450283901e+00
1.5605917096529764e+00
1.5286461661278057e+00
1.5053814123247657e+00
1.2617674497528957e+00
1.4025440792017108e+00
1.3402288017926693e+00
1.2929834954172508e+00
1.2420160253171888e+00
1.1999566530310075e+00
1.4197378543143091e+00
1.1000000000000001e+00
1.6284403077143124e+00
1.1470711178969057e+00
1.2280280298641795e+00
1.2391692349228443e+00
1.2898658410382360e+00
1.8336936780788178e+00
1.4148962286246038e+00
1.4651672917084031e+00
1.8809205197192136e+00
1.5144602701031473e+00
1.7663589591396724e+00
1.5949863277286387e+00
1.6590913963970244e+00
1.6923488914716551e+00
1.7161783422713388e+00
1.2883222634849620e+00
1.7627086796993099e+00
1.9407886581755305e+00
1.9836195730163386e+00
1.8427883007824697e+00
1.9115278234560737e+00
1.9025215861233942e+00
1.9167408920366442e+00
1.9322198386835707e+00
1.9473497652404377e+00
1.5793448672431121e+00
1.5537321348263642e+00
1.9751317810181517e+00
1.9867218727588691e+00
1.2584304127140025e+00
1.9963581790197884e+00
1.9977448849781854e+00
1.9987575435302574e+00
1.9972756637929689e+00
1.8593610466610788e+00
1.9906519877382476e+00
1.3440903907245232e+00
1.9789618409034218e+00
1.4653740368463248e+00
1.9609335595410398e+00
1.9466105170138086e+00
1.6288885933377746e+00
1.9032181754167870e+00
1.1650806618715850e+00
1.8695291508721723e+00
1.8496967122728063e+00
1.1470184309803855e+00
1.2942657980892827e+00
1.2997966127314127e+00
1.7433347875985417e+00
1.7960245470847396e+00
1.6932648923398419e+00
1.1000000000000001e+00
1.5964865766221616e+00
1.5667971536884002e+00
1.5344011589720488e+00
1.5117729849751738e+00
1.4485808102026225e+00
1.4064806232746034e+00
1.1000000000000001e+00
1.1366064231784594e+00
1.1176308688408130e+00
1.8460958205635640e+00
1.1479773234991835e+00
1.4902036972325270e+00
1.1000000000000001e+00
1.1483752581627713e+00
1.2314998879068704e+00
2.0854991998385284e+00
1.2937660633327797e+00
1.3765956269897239e+00
1.4221703389126159e+00
1.4741398887752961e+00
1.2186763063034072e+00
1.5247267699369640e+00
1.5172546137323693e+00
1.8006382858097552e+00
1.3167039296588008e+00
1.1705398372730098e+00
1.8788267861067725e+00
1.1000000000000001e+00
1.1000000000000001e+00
1.2164271577050090e+00
1.8538411615331811e+00
1.8600642711644553e+00
1.8823053045591260e+00
1.9220912640827190e+00
1.9999323972007208e+00
1.1000000000000001e+00
1.7344512491124826e+00
1.9731787145058988e+00
1.4826790005775783e+00
1.9953145547998623e+00
2.0078799923934803e+00
2.0155805958708464e+00
2.0176953015104266e+00
2.0199747502540593e+00
2.0206468982346162e+00
2.0197392169711783e+00
1.1000000000000001e+00
2.0115606248311564e+00
2.0107646298758772e+00
1.7996273152561677e+00
1.2493596377015799e+00
1.7797211099417987e+00
1.6601941437773624e+00
1.2528712133672357e+00
1.9218788918117578e+00
1.9154882676296878e+00
1.7413185741958146e+00
1.8679809842794746e+00
1.7929639337384313e+00
1.8315371964134881e+00
1.9177403551536221e+00
1.7581874178019739e+00
1.3948891099525977e+00
1.7068155988451057e+00
1.6562476513005395e+00
1.7864497470319955e+00
1.5782160732711128e+00
1.1445250821004262e+00
1.5214281933544098e+00
1.4566464087737312e+00
1.9457740737871185e+00
1.3500953796847810e+00
1.3011053473604388e+00
1.2525084333998584e+00
1.2038752840734614e+00
1.2002360283917208e+00
1.1000000000000001e+00
2.0948811426778691e+00
1.2009767908826325e+00
1.2329947146237978e+00
1.2686145266935496e+00
1.2413633916425832e+00
1.3804421738943269e+00
1.4267657625435799e+00
1.8913136023680142e+00
1.3058717501470973e+00
1.5313550349960112e+00
1.3709696835400726e+00
1.6163431301894322e+00
1.6817994647763841e+00
1.7147099129935408e+00
1.7402600390085348e+00
1.1511926786492490e+00
1.7886637948822282e+00
1.2021126141570044e+00
1.8669081675928445e+00
2.0523954121196342e+00
1.8943770268353401e+00
1.9355730075391895e+00
1.9506491803690178e+00
2.0115661165335896e+00
1.9821517065545953e+00
1.9875016901393061e+00
1.3183251416714457e+00
1.8261766752090038e+00
1.3711590533493316e+00
1.2115928883100762e+00
1.6556892149936622e+00
1.6694405601379936e+00
1.3483074918028350e+00
2.0341282131863441e+00
2.0328198252478620e+00
2.0421184958727849e+00
1.2055243426798572e+00
2.0133641220144667e+00
2.0056386812381546e+00
1.9956222792628455e+00
1.9803664111335435e+00
1.5236492007369469e+00
1.5518036761085945e+00
1.9285184570681233e+00
2.0407863356216995e+00
1.7862367768667697e+00
1.3779425296122434e+00
1.8926384382980652e+00
1.9413943848473905e+00
1.7677962654752724e+00
1.7307072838148962e+00
1.8430756942318478e+00
1.5516140708123967e+00
1.3998377529692663e+00
1.1873452660741790e+00
1.4048029590287505e+00
1.5424916891204998e+00
1.4615465689143057e+00
1.4193219759270703e+00
1.3538440048510072e+00
1.5764237007791997e+00
1.9174643703508545e+00
1.2711679281401744e+00
1.4165028729263920e+00
1.6341426283198623e+00
1.1000000000000001e+00
2.0964439896677898e+00
1.2363983948886541e+00
1.2711312124751355e+00
1.6156062129511810e+00
1.4182456577281295e+00
1.8544314321369830e+00
2.0380955030030563e+00
1.1000000000000001e+00
1.2622032926205953e+00
1.4264633414861088e+00
1.2524202938467117e+00
1.2459397646663926e+00
1.7254805524030923e+00
1.7512222216544617e+00
1.4302328454253461e+00
1.1847534459385158e+00
1.9309634175871737e+00
1.2390035573970239e+00
1.5219951879155502e+00
1.1000000000000001e+00
1.9502037971720745e+00
1.9653149336166686e+00
1.9393103616583469e+00
1.9869092526718570e+00
2.0024038426415633e+00
2.0143872302628107e+00
2.0267476200509815e+00
1.1471403682909507e+00
2.0473740848096447e+00
1.3075834963811779e+00
2.0515147667122533e+00
2.0517329162558431e+00
1.6775174580967633e+00
2.0503152839191996e+00
1.4340421836083159e+00
2.0420290520308333e+00
1.7708923189626515e+00
2.0235118010052360e+00
1.7888295071783360e+00
1.9962672639485031e+00
1.9745039498124783e+00
1.4339054446491923e+00
1.9433475942110015e+00
1.2049152248245640e+00
1.8943923349576071e+00
1.7584230986588034e+00
1.8558538925221386e+00
1.7355916327323042e+00
1.7811458898527259e+00
1.7432452170270427e+00
1.7276376447827351e+00
1.6752684910257551e+00
1.6261684346125200e+00
1.5942111258378140e+00
1.6978073836995327e+00
1.5358162972628790e+00
1.9637293461108856e+00
1.4248220499176050e+00
1.3584637389129888e+00
1.3073781579089097e+00
1.2999393412856255e+00
1.2075503137289516e+00
1.6486334267215699e+00
1.1000000000000001e+00
2.0957608905942195e+00
1.1000000000000001e+00
1.2375491478410368e+00
2.0703336343511163e+00
1.3026685826264799e+00
1.5602274242087228e+00
1.4362093991737437e+00
1.4918017920259830e+00
1.2772987427480198e+00
1.5450200590405403e+00
1.6029279117036221e+00
1.2430525403242301e+00
1.6988130227064298e+00
1.7332034196292618e+00
1.7588552194836522e+00
1.1000000000000001e+00
1.8084283312252536e+00
1.8539014178754065e+00
2.0842496003046977e+00
1.4300221751843365e+00
1.7220763747025145e+00
1.4655065589979468e+00
1.9752327304244335e+00
1.9914825449134657e+00
2.0074916148296640e+00
1.4310620935173606e+00
1.5448405355445487e+00
1.4263018588587042e+00
2.0105114734983678e+00
1.3986072284642654e+00
1.2381148163977314e+00
2.0630888912241607e+00
2.0636882468877453e+00
1.2691544951269507e+00
2.0618050445739518e+00
1.6725583947646527e+00
2.0531103527957963e+00
2.0294221746177068e+00
1.7941479641946312e+00
1.1000000000000001e+00
1.3951315885636406e+00
1.9845056047584884e+00
1.5123712852250590e+00
1.9538448402197752e+00
1.2356325488496398e+00
1.9039987275254675e+00
1.8857681651553553e+00
1.8647781835174082e+00
1.8286908536033368e+00
1.7892026602824229e+00
1.3803155840569761e+00
1.1838688162070761e+00
1.6820398759584809e+00
1.6326913628909649e+00
1.9330512752198350e+00
1.5663343139425290e+00
1.5416238802415514e+00
1.4724600141493283e+00
1.3673349564291639e+00
1.3614187189889480e+00
1.3096395634098636e+00
1.1000000000000001e+00
1.6765840543841513e+00
1.3393206674084652e+00
1.8508463974516802e+00
1.1000000000000001e+00
2.0239572417175884e+00
1.2388425255125379e+00
1.3257619350970309e+00
1.9112202062310650e+00
1.3903454745866015e+00
1.4485682443706429e+00
1.4949011402886323e+00
1.1460091687340324e+00
1.9464159573136759e+00
1.6054845262662496e+00
1.6347598542023254e+00
1.3018454888053499e+00
1.7365230963142597e+00
1.7624620892665357e+00
1.2852917717773875e+00
1.8119565322435633e+00
1.8581726713663489e+00
1.8940837984275742e+00
1.9196187800002704e+00
1.9228435919502833e+00
1.9648679633678501e+00
1.9794957206135098e+00
1.9959319483522044e+00
1.1703126092236713e+00
2.0171640796813768e+00
2.0303305948661969e+00
1.5572206735586538e+00
2.0559205772139886e+00
2.0629905391859493e+00
1.4460902216146263e+00
2.0674135798361202e+00
2.0685299428232713e+00
1.6939738389559966e+00
2.0670719471254606e+00
1.6240831348331444e+00
1.7586952004673231e+00
2.0462068574656649e+00
2.0391824019511762e+00
2.0030340432607368e+00
2.0114095788504707e+00
1.9894589919186167e+00
1.9650752181412439e+00
1.9586688174582363e+00
1.8169459760910898e+00
1.8186235931289225e+00
1.8895069693532494e+00
1.8685855243095801e+00
1.8324580617906847e+00
1.7926502922501355e+00
2.0005045137342008e+00
1.7391289482362375e+00
1.6850772649069290e+00
1.6351776023812099e+00
1.8698331491608904e+00
1.5684709337121328e+00
1.5439501432988960e+00
1.4748797348138363e+00
1.5646844872205703e+00
1.3632727696996532e+00
1.3108672060353119e+00
1.2543893286152286e+00
1.2091244461364976e+00
1.5014691317751812e+00
1.1000000000000001e+00
1.3167853245910244e+00
1.2625743723965039e+00
1.2394852533128153e+00
1.2767337543003685e+00
1.6507858124590815e+00
1.8346899020086525e+00
1.2543004930050201e+00
1.3098371892640970e+00
1.4981565328060429e+00
1.3998106463338680e+00
1.2136105356013276e+00
1.6428968787195763e+00
1.7111545219878304e+00
1.7458396078153069e+00
1.2074816071565746e+00
1.8057056457202749e+00
1.8213094952859847e+00
1.1878456108783206e+00
1.9030690066876594e+00
1.9101500349246301e+00
1.1000000000000001e+00
1.9798923210654866e+00
1.9494192303786360e+00
1.7610460636890504e+00
2.0248150144615642e+00
2.0303236620107112e+00
1.1237787115926001e+00
1.1000000000000001e+00
1.6476178159223320e+00
1.7510151234128974e+00
1.1000000000000001e+00
1.7783248792197737e+00
1.7236731854252556e+00
1.7917995042459398e+00
1.7352148061934047e+00
1.8326684307863654e+00
2.0691706826417042e+00
2.0576199765173189e+00
1.7978699877394200e+00
1.1161271142211400e+00
1.8153454173938506e+00
2.0006309816597412e+00
1.9767739477941735e+00
1.9698210407538692e+00
1.9399472732549894e+00
1.7592176788028575e+00
1.9009964008153644e+00
1.2074029941972821e+00
1.1000000000000001e+00
1.8023253207414554e+00
1.1444576680389433e+00
1.7547439638586280e+00
1.9439023352933014e+00
1.7450410772769582e+00
1.1670084530350300e+00
1.7439719867009094e+00
1.8515397832173619e+00
1.9242292929427443e+00
1.2094363414243385e+00
1.3660452372447573e+00
1.3137951841252420e+00
1.2560895439372393e+00
1.2100339703267158e+00
1.1000000000000001e+00
1.2617044784620706e+00
2.0455019466809827e+00
1.1510640490949189e+00
1.2410084196717865e+00
1.1540053538705775e+00
1.8504090511291278e+00
1.3944462727817801e+00
1.5467576539862855e+00
1.5000214537287382e+00
1.5425324525510118e+00
1.5557242510683158e+00
1.9430533471278324e+00
1.6457848926983050e+00
1.8458311595534727e+00
1.2816132802502191e+00
1.7746306071931301e+00
1.8096070838606526e+00
1.8262749207727813e+00
1.8890574929725952e+00
1.8515534500595856e+00
1.9152362385382249e+00
1.9368020793596241e+00
1.9800021752015673e+00
1.9972899233165415e+00
1.9092151345993642e+00
2.0292912378188284e+00
2.0342285662766959e+00
2.0462323638935991e+00
2.0579640709454727e+00
1.7156744596627627e+00
2.0788912625033995e+00
1.8121615856397388e+00
2.0839748432894329e+00
2.0845534120581330e+00
2.0837085714489030e+00
1.1942890678171971e+00
2.0745702531859553e+00
2.0731172457178402e+00
1.2433988056151157e+00
1.7989601386044085e+00
2.0436229983719736e+00
2.0273543129764495e+00
2.0048214391609771e+00
1.2636249561790642e+00
1.9735229597087802e+00
1.9438330333896410e+00
1.2720233425400411e+00
1.9046372996446068e+00
1.8841728998446539e+00
1.5534927070403020e+00
1.8124971183389178e+00
1.3045578639484696e+00
1.7497987356227309e+00
1.7459633921225293e+00
1.6458342403499318e+00
1.6126599319749861e+00
1.5776300307093978e+00
1.7378016038049344e+00
1.4829427553798329e+00
1.2357293569452905e+00
1.3669916064937913e+00
1.6954832927670409e+00
1.4447715725970414e+00
1.2106966340660734e+00
1.1890549746269721e+00
1.1000000000000001e+00
1.1000000000000001e+00
1.1520486827823007e+00
1.2427203470048791e+00
1.2795249126041695e+00
1.3106366186553804e+00
1.3985060439453041e+00
1.4473921052377627e+00
1.3225279736924407e+00
1.7569511939827278e+00
1.2046918542222249e+00
1.1000000000000001e+00
1.1682782649960124e+00
1.7191558714161299e+00
2.0907386688307543e+00
1.7812440616175360e+00
1.2668857387931229e+00
2.0931033074455940e+00
1.4956473184361827e+00
1.3658838444468402e+00
1.9235075730659608e+00
1.9461815974641616e+00
1.3792596302835847e+00
1.6489096759186708e+00
1.3836831319386969e+00
1.4309399365486901e+00
2.0437903343251174e+00
2.0562350625806269e+00
2.0689191770976141e+00
2.0828648088813821e+00
2.0887750538774110e+00
1.1896527360579232e+00
2.0947697655274080e+00
1.2305965956992848e+00
2.0954921730983598e+00
2.0940976585047597e+00
2.0869146796609330e+00
1.1430365651011827e+00
2.0716537729703828e+00
2.0653124607938471e+00
2.0547835894883715e+00
1.7941954695287554e+00
1.5183851156061579e+00
1.9900971493327289e+00
1.9824030584334917e+00
1.9520453075548181e+00
1.5710837561774156e+00
1.9101821850346974e+00
1.8896938749167658e+00
1.7767228322358095e+00
1.8130490461250770e+00
2.0402058873479132e+00
1.7556901844573707e+00
1.7016579445804558e+00
1.6500708586308266e+00
1.6168875615632279e+00
1.5817644634692727e+00
1.3947906035613336e+00
1.1972534902202805e+00
1.3963699127661549e+00
1.3694077184590523e+00
1.3175488405329774e+00
1.2584237133352771e+00
1.1934998561532217e+00
1.6946144508997356e+00
1.1000000000000001e+00
1.9174161850533036e+00
1.4008464930849642e+00
1.2422558556180985e+00
2.0067251180562535e+00
1.3097641091970045e+00
1.4048908420165367e+00
1.4479801774098400e+00
1.6744075781779557e+00
1.5476031357023114e+00
1.5604508364465737e+00
1.1355528183665706e+00
1.6510149899240205e+00
1.8120520834263498e+00
1.4082215521581116e+00
1.7829280220316690e+00
1.5299520430511195e+00
1.8347053398048088e+00
2.0062341198232487e+00
1.7702470392504261e+00
1.9256743846912039e+00
1.6154063861770074e+00
1.5801768472192557e+00
2.0080733998133087e+00
1.3679727231247996e+00
2.0400415388924462e+00
2.0454388611943082e+00
1.1461892601797750e+00
1.8780260873170762e+00
1.1000000000000001e+00
1.8834719848212433e+00
1.4117253880492548e+00
2.0189410541103254e+00
1.4114011809885383e+00
1.2509309777337396e+00
1.4108504194404168e+00
1.4078389465941121e+00
1.4085896637289304e+00
1.1000000000000001e+00
1.9997302818039349e+00
2.0554312898699667e+00
2.0391791129507459e+00
1.4057319210210772e+00
1.6589683050167570e+00
1.8347378774579788e+00
1.2717126158023113e+00
1.4042249887208513e+00
1.6197252044136494e+00
1.7887639103735820e+00
1.4023238914178222e+00
1.8135973851711380e+00
1.5348098588325736e+00
1.6383411294443426e+00
1.7025739334505179e+00
1.6510977365179647e+00
1.7434481230230554e+00
1.5827713602437699e+00
1.5568590447706701e+00
1.4862579951835775e+00
1.4398604154320096e+00
1.1227848783297683e+00
1.3187713627508926e+00
1.8393904762756950e+00
1.8432880584489439e+00
1.8530855079278146e+00
1.1000000000000001e+00
1.9241866092924533e+00
1.1518189802825392e+00
1.2428925760588769e+00
1.2794410744361060e+00
1.5090165313542594e+00
1.3993252992907530e+00
1.8173765327285860e+00
1.7391180058375602e+00
1.5470134529366832e+00
1.5594559771807792e+00
1.3875575869529770e+00
1.1500728683320298e+00
1.7213586697243861e+00
1.7571199474863988e+00
1.7835727566006578e+00
1.1000000000000001e+00
1.1000000000000001e+00
1.3769644609138121e+00
1.3671318549962861e+00
1.4617355673054999e+00
1.9471924613445117e+00
1.9919040108612176e+00
1.5545668591875155e+00
1.3621240634574152e+00
2.0404350594488476e+00
2.0457552945831532e+00
2.0582769006238539e+00
2.0709782080823320e+00
1.8819234496182526e+00
2.0910708617845470e+00
1.1514419092174806e+00
2.0968830047629301e+00
2.0970586832212934e+00
1.3149270696160065e+00
2.0950063896195461e+00
2.0889150060125354e+00
2.0877230959822572e+00
2.0744877532202950e+00
1.6162648702239832e+00
2.0558263308161586e+00
2.0387455610921847e+00
1.1864375322099214e+00
1.9904091683021445e+00
1.9827358131896320e+00
1.9521888139054244e+00
1.1582139865687737e+00
1.9115996769032975e+00
1.8015065175846525e+00
1.8547658551350474e+00
1.8135256071792660e+00
1.7725745001292605e+00
1.7568526692467874e+00
1.7021280397093319e+00
1.6517062355861061e+00
1.2681228424521893e+00
1.5833125115001863e+00
1.8645068218436520e+00
1.3443429942474978e+00
1.4397572942522447e+00
1.3707770027567026e+00
1.3171055782797323e+00
1.2595716769655996e+00
1.2115934812676159e+00
1.8620373010274514e+00
