1.1000000000000001e+00
1.9696917312258271e+00
1.9330167230491440e+00
1.8816622188502770e+00
1.1000000000000001e+00
1.2589849090578946e+00
1.1000000000000001e+00
1.5896386623019212e+00
1.1000000000000001e+00
1.1000000000000001e+00
1.7874583839182625e+00
1.1000000000000001e+00
1.9410296689731861e+00
1.1000000000000001e+00
1.5875261004572905e+00
1.1000000000000001e+00
1.5343905500496047e+00
1.1000000000000001e+00
1.1267802634983561e+00
1.1000000000000001e+00
2.0130437873929616e+00
1.1000000000000001e+00
1.2799544672677141e+00
1.1000000000000001e+00
1.1000000000000001e+00
1.5261312342339115e+00
1.1000000000000001e+00
2.0315269654706856e+00
1.1000000000000001e+00
1.9900861095642028e+00
1.1000000000000001e+00
1.2740456837665688e+00
1.1000000000000001e+00
1.1000000000000001e+00
1.8174510923610097e+00
1.1165182067125856e+00
1.7853893775149059e+00
1.1375853790142543e+00
1.4409683386318735e+00
1.1548077278969131e+00
1.1596984327826991e+00
1.1658267279284049e+00
1.1697773289307394e+00
1.1000000000000001e+00
1.8287163024878232e+00
1.5707209668362361e+00
1.6723819675075364e+00
1.7498371159489396e+00
1.1333320246788099e+00
1.1422889244869339e+00
1.1871007780522129e+00
1.1862644251085133e+00
1.2415934501010495e+00
1.1743640279002374e+00
1.4624011583167975e+00
1.2228653191445387e+00
1.8463227870356937e+00
1.6525919045915303e+00
1.2692072403675292e+00
1.6930431367134258e+00
1.1000000000000001e+00
1.1000000000000001e+00
1.3467412763014575e+00
1.4496703374239039e+00
1.2232382080940811e+00
2.0336868767999476e+00
1.1609355707433062e+00
1.3963481882400428e+00
1.6974477149177081e+00
1.1000000000000001e+00
1.1996138898503450e+00
1.4629676435977186e+00
1.2452589042031537e+00
1.2582209163089377e+00
1.2744629586569269e+00
1.2849333794271940e+00
1.8950891245896291e+00
1.3134362279953860e+00
1.3145403438101497e+00
1.3258966803152576e+00
1.3282030981127346e+00
1.3314686507378886e+00
1.2533882963405634e+00
1.3308463434007665e+00
1.8087091377158599e+00
2.0663474776128385e+00
1.4427454331395766e+00
1.3114027052598010e+00
1.2983699763667029e+00
1.2820744981703913e+00
1.2739378869041431e+00
1.7768420995268914e+00
1.2340880790208060e+00
1.2259610611042107e+00
1.2066121069219931e+00
1.8666031592555732e+00
1.1544892350123543e+00
2.0292736966113516e+00
1.1000000000000001e+00
1.1000000000000001e+00
1.9453803556720670e+00
1.1567060237933013e+00
1.1442467374940279e+00
1.2290283766117693e+00
1.3036159443729112e+00
1.1904106596099253e+00
1.4644248766728651e+00
1.3259792521726479e+00
1.3395414310661675e+00
1.1981003995944144e+00
1.3764607430726561e+00
1.5937712672498749e+00
1.4001152327856099e+00
1.3955880483283876e+00
1.3998178696374131e+00
1.6463412747631112e+00
1.3804151104807521e+00
1.3961406542389199e+00
1.3872401239942243e+00
1.3858824499644407e+00
1.3738267515904456e+00
1.1000000000000001e+00
1.3358383650776267e+00
1.5869475777932185e+00
1.2872782448487603e+00
1.2736822764881248e+00
1.2631554721433849e+00
1.2380930621620283e+00
1.4876328545445574e+00
1.6645620118621134e+00
1.4931798234342109e+00
1.6303441632737943e+00
1.9992174283953230e+00
1.6900243037433591e+00
1.7515889236632474e+00
1.2463918505680094e+00
1.3016074285190968e+00
1.8480726538060952e+00
1.3939878584191059e+00
1.7538730125925548e+00
1.4530936149516771e+00
1.2725071266524521e+00
1.5083751100830216e+00
1.5319711753412304e+00
1.5342057828897984e+00
1.6075059044868876e+00
1.5618576772749151e+00
1.3220161429331618e+00
1.5697682613371557e+00
1.5672073116107081e+00
1.6680075999812309e+00
1.5488140073266632e+00
1.5466926354463097e+00
1.4766854236268543e+00
1.5014787585422904e+00
1.4684985239526860e+00
1.6016948417214079e+00
1.4069952625315920e+00
1.3713793512838763e+00
1.4749049759305342e+00
1.3157710411453385e+00
1.2792582991217749e+00
1.2102801483740615e+00
1.7213033202184329e+00
1.8648297651018508e+00
1.1000000000000001e+00
1.3347199259795055e+00
2.0146190020998542e+00
1.2511781114681957e+00
1.3081989549501380e+00
1.3699850370196294e+00
1.2350122408072588e+00
1.4306911262702786e+00
1.4646379608752471e+00
1.4865217630792658e+00
1.5217268766903547e+00
1.5460944119730589e+00
1.5484020797001508e+00
1.4925211647189447e+00
1.5769580488708381e+00
1.5837832480967005e+00
1.5851272683629052e+00
1.5824825887464709e+00
1.8843111161979111e+00
1.5634879179739336e+00
1.5612971881392521e+00
2.0762139396511601e+00
1.5146050499089918e+00
1.8788836551251307e+00
1.4369573894083363e+00
1.4170324293267118e+00
1.3802520608857300e+00
1.4092773851417664e+00
1.3228256448928786e+00
1.2851191239203648e+00
1.2138857422659448e+00
1.4729186672323755e+00
1.1000000000000001e+00
2.0096329409373475e+00
1.3954562850886154e+00
1.2101825457700082e+00
1.2820451908327384e+00
1.9738219528520577e+00
1.1790190917475252e+00
1.3576582696403738e+00
1.5722597971514316e+00
1.1000000000000001e+00
1.1000000000000001e+00
1.3139613619669865e+00
1.5928637358574551e+00
1.2395958540498861e+00
1.6461983408448073e+00
1.6743418685592508e+00
1.2474987886940172e+00
1.6841790540283970e+00
1.2825295891124839e+00
1.2504498238491224e+00
1.1925571032315860e+00
1.5081850458114974e+00
1.1494871070646067e+00
2.0929342905564563e+00
1.8440766196145519e+00
1.5377671109812092e+00
1.2830366828738209e+00
1.4374730601522563e+00
1.4932063353821665e+00
1.3683214961015426e+00
1.3397564962837003e+00
1.2838990651220596e+00
1.1000000000000001e+00
1.4038406870176008e+00
1.1000000000000001e+00
2.0008985277110600e+00
1.2321954995589701e+00
1.3184153104855250e+00
1.4007964509317397e+00
1.4900621929616704e+00
1.1000000000000001e+00
1.5777676101234130e+00
1.6268124642245625e+00
1.6584291937006421e+00
1.1000000000000001e+00
1.7444970674041729e+00
1.9741436657256157e+00
1.1384350451681726e+00
1.1000000000000001e+00
1.4636323919211831e+00
1.8008899761707224e+00
1.7970690624554471e+00
2.0780389850007470e+00
1.8502486322447955e+00
1.7664613520769552e+00
1.8538116109586209e+00
1.6990026586870670e+00
1.6497964484381744e+00
1.6252269451773784e+00
1.6425947149373072e+00
1.6736059368330387e+00
1.6636570834822018e+00
1.4219284322363961e+00
1.3674517530031518e+00
1.2645369790329983e+00
1.5184422790709664e+00
1.1000000000000001e+00
1.3696482724834336e+00
1.1000000000000001e+00
1.2430080232598790e+00
1.3362799180489058e+00
1.4253991701294371e+00
1.1000000000000001e+00
1.2293187578663791e+00
1.7715948339539804e+00
1.7316641518989988e+00
1.1698447450567639e+00
1.1000000000000001e+00
1.3693413497435101e+00
1.8008184294377800e+00
2.0204150077281868e+00
1.8454492426549205e+00
1.8561165112038696e+00
1.1000000000000001e+00
1.8540836793230024e+00
2.0441600712044408e+00
1.8243964500679577e+00
1.8209725055512629e+00
1.7905690055674390e+00
1.7479962361202546e+00
1.6947653554678832e+00
1.6681862653662853e+00
1.6388399400363793e+00
1.5380127078981798e+00
1.3294204851620621e+00
1.7114875114129544e+00
1.3893271453413472e+00
1.2779947744300091e+00
1.3855059114611172e+00
1.8328564133329586e+00
1.1000000000000001e+00
1.8791140086440237e+00
1.2517339357548329e+00
1.7423963271133189e+00
1.3870208325261140e+00
1.5477132120585817e+00
1.6034561201635948e+00
1.6483814509726777e+00
1.4386124719645685e+00
1.7409647808229551e+00
1.1000000000000001e+00
1.8397534480820932e+00
1.8435802280468851e+00
1.4295094968868816e+00
1.6912582867850077e+00
1.7850642744248979e+00
1.4312140652726923e+00
1.8678791928018894e+00
1.1000000000000001e+00
1.8685969074329376e+00
1.8649640442866495e+00
1.4045451958149908e+00
1.1000000000000001e+00
1.7310561196399867e+00
1.7028552546957245e+00
1.4573485127903205e+00
1.2820388552606881e+00
1.5365712894716890e+00
1.1000000000000001e+00
1.4069810034614301e+00
1.2888554715491691e+00
1.6426211396335257e+00
1.1000000000000001e+00
1.9203551137008641e+00
1.3493297797708026e+00
1.2613496239422077e+00
1.3665841751620256e+00
1.4671334833856200e+00
1.5760857091081495e+00
1.6353611586998698e+00
1.2067220643155003e+00
1.7429946047655229e+00
1.1429686596701216e+00
1.4563877753396546e+00
1.6807466526336876e+00
1.5478392828953640e+00
1.9325569381336740e+00
1.9410573912472158e+00
1.9530927982798389e+00
1.9554628142205566e+00
1.9507992440299518e+00
1.9986480167460570e+00
2.0032967659134986e+00
1.9134413719709362e+00
1.8791384484209597e+00
1.5194125120891282e+00
1.7710474297250114e+00
1.7410594185990513e+00
1.9332812335191569e+00
1.5941903544310216e+00
1.1000000000000001e+00
1.4529656937960747e+00
1.4264350141548718e+00
1.1000000000000001e+00
1.7646294097788333e+00
1.1000000000000001e+00
1.1000000000000001e+00
1.9287309855014168e+00
1.2719843713976886e+00
1.3841550582493720e+00
1.7265704702357496e+00
1.6074650898580063e+00
1.7359037144619514e+00
1.7215685282432567e+00
1.7853751512449336e+00
1.8265080442914829e+00
1.2978803872710731e+00
1.9384810630842626e+00
1.9428185657229955e+00
1.9874317656233957e+00
1.9964924938086166e+00
1.6777578834718772e+00
2.0118473955075218e+00
2.0511112788181993e+00
1.6951028821424101e+00
1.9711739751919728e+00
1.9670562695417504e+00
1.9304923991111704e+00
1.1000000000000001e+00
1.8152769715820860e+00
1.7833124146345440e+00
1.7039353979900147e+00
1.6267630340933614e+00
1.5948361644779605e+00
1.2435787664245594e+00
1.4479507379064613e+00
1.3140601533718759e+00
2.0012071564664113e+00
1.1000000000000001e+00
1.5708384623227178e+00
1.1000000000000001e+00
1.9383300632115295e+00
1.3928422754285072e+00
1.7242539294026757e+00
1.6229793639081871e+00
1.3810922815284856e+00
1.7405711841517286e+00
1.8063285096849659e+00
1.5106036310780122e+00
1.3685307276166376e+00
1.4720559890966292e+00
1.3341773254280973e+00
1.3288897634422017e+00
1.2957978924748677e+00
1.5282936527982920e+00
1.8521731385599041e+00
2.0346015621638287e+00
1.2802908946124636e+00
1.9978075940686830e+00
1.9935640015048732e+00
1.9558822967295622e+00
1.4871672083619061e+00
1.8371444914976194e+00
1.8042027108823064e+00
1.3330956556676994e+00
1.6428672868464242e+00
2.0750181496437525e+00
1.3947869601132152e+00
1.4585883230561196e+00
2.0489110593682383e+00
1.2944626095654364e+00
2.0585994945966597e+00
1.1000000000000001e+00
1.6632560024109884e+00
1.2821912546963508e+00
1.9053261705927416e+00
1.2645910914180687e+00
1.6375819947153010e+00
1.2131270050975271e+00
1.7584572139903467e+00
1.7612126634182796e+00
1.8696246528725937e+00
1.9397234828231291e+00
1.7177308332594268e+00
1.6369745275505445e+00
1.6992886951874118e+00
2.0496972948499410e+00
1.9992822140758446e+00
2.0659634752216083e+00
1.2748722378445656e+00
1.1841221782417370e+00
1.1449772421111828e+00
1.7661704715463979e+00
1.6438793034768018e+00
1.1000000000000001e+00
1.2843254678875418e+00
1.8306507749301149e+00
1.1000000000000001e+00
1.1000000000000001e+00
1.8492615363367746e+00
1.5436803460575772e+00
1.4686008269036899e+00
1.3267641391271179e+00
1.8768389014832034e+00
1.1000000000000001e+00
1.1000000000000001e+00
1.4334748932912764e+00
1.8677195170289567e+00
1.4088740184386752e+00
1.5253740652376817e+00
1.6516100346319709e+00
1.7202887035703129e+00
1.7335709762793075e+00
1.8449966873975407e+00
1.1840712727570337e+00
1.9616358136895051e+00
2.0114214504402224e+00
2.0161362771910385e+00
2.0646304282842469e+00
1.2185063453233698e+00
1.9082575763211298e+00
2.0911700005919944e+00
2.0857666203494598e+00
2.0763011616800089e+00
1.8345556715708353e+00
2.0424824454498318e+00
2.0027378438258374e+00
1.7115954512637446e+00
1.8774996998832880e+00
1.8427545110669248e+00
1.7477331901458333e+00
1.6725867282030866e+00
1.6378825051812242e+00
1.5552580507908502e+00
1.4782193542426885e+00
1.3326814809030998e+00
1.1345227161933726e+00
1.9475948184756993e+00
1.1000000000000001e+00
1.1541805768155264e+00
1.2881407676711734e+00
1.5911167498837668e+00
1.5280938109078150e+00
1.6551369045704429e+00
1.7242546894016901e+00
1.7799593423143993e+00
1.8255230056459895e+00
1.1570389294744150e+00
1.5557988445831004e+00
1.1785526779817335e+00
2.0219938455685327e+00
2.0707980573077487e+00
2.0807099600148007e+00
1.4815328082290780e+00
2.0975073176448564e+00
1.1000000000000001e+00
2.0825434107361231e+00
2.0530129926094451e+00
2.0485084652748924e+00
2.0085097456474470e+00
1.2018643329788496e+00
1.8786401409604496e+00
1.2145470369944629e+00
2.0603916094996237e+00
1.6762477183810751e+00
1.6413216043977916e+00
1.8757192825018307e+00
1.4806376033441879e+00
1.3341691937232332e+00
1.9965691613175203e+00
1.1000000000000001e+00
1.1000000000000001e+00
1.7008272896865879e+00
1.2418680637295130e+00
1.2375765230301423e+00
1.2488150699570988e+00
1.7286347099855446e+00
1.2458331988043312e+00
1.2765759250896607e+00
1.8515233556285917e+00
1.5281730824471871e+00
1.9691843185178790e+00
2.0194061106760501e+00
1.5453950728537171e+00
1.7534077652222539e+00
1.8890056105090605e+00
1.2683097338387828e+00
1.6776029701162407e+00
1.2691804081411515e+00
1.7189166591105765e+00
2.0552543420684901e+00
2.0507392207336634e+00
2.0106464298718332e+00
1.9495601181598847e+00
