1.1000000000000001e+00
1.2034678211899321e+00
1.1000000000000001e+00
1.9915782878014017e+00
1.1000000000000001e+00
1.9773542915983742e+00
1.1000000000000001e+00
1.3428844975588892e+00
1.1000000000000001e+00
2.0432877753186927e+00
1.1000000000000001e+00
1.1000000000000001e+00
1.1780426978963763e+00
1.1000000000000001e+00
1.7288967119344614e+00
1.8820641869598451e+00
1.1000000000000001e+00
1.8083141427732752e+00
1.1000000000000001e+00
2.0590183006536114e+00
2.0611386590966072e+00
2.0624482107490234e+00
1.1000000000000001e+00
2.0486743453332199e+00
2.0559375683021557e+00
1.1000000000000001e+00
1.4912869542324445e+00
1.1000000000000001e+00
1.5710766545367756e+00
1.1000000000000001e+00
1.4777580037396776e+00
1.1000000000000001e+00
1.6501642739086895e+00
1.5127004807355244e+00
1.1000000000000001e+00
1.6809706015502108e+00
1.9406830887900299e+00
1.6793682022974636e+00
1.1000000000000001e+00
1.3047080940228419e+00
1.1000000000000001e+00
1.4511939108319618e+00
1.4207988088180796e+00
1.1000000000000001e+00
1.4917969756118796e+00
1.1000000000000001e+00
1.1928232657920212e+00
1.1000000000000001e+00
1.2985793073944207e+00
1.1000000000000001e+00
1.1169428481254180e+00
1.1000000000000001e+00
1.5816750391054226e+00
1.1000000000000001e+00
1.8230333093892854e+00
1.2923317363657423e+00
1.1000000000000001e+00
1.1000000000000001e+00
1.7140684991844082e+00
1.1000000000000001e+00
1.9557940413722474e+00
1.7076518830760958e+00
1.1000000000000001e+00
1.1151286242740583e+00
1.1000000000000001e+00
1.8251465885434288e+00
1.4775596428800442e+00
1.3301574612738332e+00
1.2537729892683578e+00
1.3130262347084534e+00
1.5202579603820054e+00
1.5419743662963703e+00
1.5237407526290490e+00
1.6888831784923661e+00
1.5353499911604009e+00
1.5578173012203889e+00
2.0049472481751969e+00
1.3285452097005863e+00
1.1598747691281588e+00
1.9427116002054314e+00
1.1654806207463519e+00
1.8461724312333974e+00
1.5746385743435620e+00
1.1000000000000001e+00
1.5831332626161658e+00
1.1772998654502862e+00
1.1998650781911651e+00
1.1827502560002685e+00
1.5858198451371306e+00
1.1857841666546112e+00
1.1862611908227709e+00
1.3134019761646405e+00
1.1000000000000001e+00
1.5988626456829902e+00
1.5458229706632249e+00
1.5343717070823291e+00
1.1909674241134736e+00
1.1910913672505394e+00
1.6095527889513113e+00
1.1908401243504263e+00
1.1901395217557709e+00
1.6748998369281627e+00
1.6740934587492156e+00
1.1882038917689630e+00
1.6859257731221982e+00
1.1000000000000001e+00
1.6123251774500800e+00
1.1813130710338415e+00
1.1806138273507747e+00
1.6130232206266331e+00
1.4828644060632616e+00
1.8786794151818813e+00
1.2577239029088760e+00
1.8853145351257452e+00
1.7214568616601165e+00
1.6076624619070714e+00
1.1000000000000001e+00
1.6069503936383800e+00
1.1502985900312510e+00
1.3030206941544960e+00
1.1440261079757899e+00
2.0285748564218720e+00
1.7099145297641076e+00
1.6007659891071717e+00
1.9365552443952267e+00
1.5967610652133273e+00
1.1145539174806673e+00
1.1102599717848467e+00
1.5911384831828486e+00
1.1231216701822540e+00
1.9071536034799501e+00
1.4681025874391316e+00
1.1184178680393355e+00
1.1232502285497872e+00
1.5543197961965791e+00
1.9120580603774213e+00
1.6143907325652198e+00
2.0160872895423547e+00
1.1579086536403482e+00
1.1000000000000001e+00
2.0540865888441693e+00
1.1712908136332536e+00
1.2350701197188034e+00
1.5795702450756868e+00
1.1000000000000001e+00
1.1762288376265173e+00
1.8388410809757056e+00
1.5276648190911923e+00
1.2057554057945901e+00
1.9183697200471135e+00
1.2095532252047991e+00
1.2152069895983328e+00
1.2172777905697976e+00
1.2194399625169321e+00
1.2215776000873213e+00
1.2652313157527006e+00
1.7084683100951370e+00
1.2255358053944105e+00
1.5413391646621983e+00
1.2282259161024052e+00
1.9637697364564990e+00
1.2289235711103936e+00
1.2290992295068019e+00
1.6471218668585510e+00
1.2287431555362087e+00
1.3866936988726664e+00
1.5071947380059241e+00
1.4885070978949291e+00
1.9871704114953062e+00
1.4666122861738522e+00
1.2128669367978016e+00
1.2185685884828521e+00
1.2152409403454052e+00
1.5611256613266462e+00
1.5399629359755846e+00
1.2076192975522648e+00
1.2050987212484361e+00
1.2266746252457406e+00
1.4459743844591237e+00
2.0173710580942279e+00
1.4380865230319264e+00
1.6118978694424935e+00
1.4101200486198859e+00
1.5445559698889890e+00
1.7121334927252523e+00
1.1623959963431558e+00
1.1590510444092190e+00
1.2930961617174113e+00
1.1441269067870357e+00
1.1350483041413959e+00
1.7067995655288741e+00
1.1206265378352702e+00
1.1145409438036225e+00
1.4966268641368496e+00
1.1000000000000001e+00
1.1000000000000001e+00
1.9138427053587530e+00
1.1214816846266131e+00
1.1271179094201624e+00
1.1316511805057508e+00
1.6441105982881297e+00
1.1526469469575851e+00
1.3188625210623675e+00
1.1675417715012912e+00
1.1694283791170053e+00
1.1786083175194932e+00
1.1831500568889657e+00
1.1936522246902286e+00
1.1989735757293216e+00
1.2030850285778412e+00
1.2082401029784369e+00
1.2108156692406424e+00
1.8884175720713898e+00
1.2233478418884820e+00
1.4659911383335302e+00
1.2277774294316601e+00
1.2343716988332911e+00
1.2367869780229608e+00
1.2393088277711324e+00
1.2418020618433403e+00
1.2425905874329928e+00
1.2445256360717194e+00
1.2464187155142581e+00
1.2484199963280693e+00
1.2495563267576657e+00
1.3479534163020459e+00
1.3469089440742423e+00
1.3346610208280734e+00
1.2503903061817965e+00
1.2501596090903269e+00
1.6375020992587763e+00
1.2487925105403619e+00
1.6670899605131373e+00
1.2458018909923567e+00
1.6801801060172896e+00
1.2416822463817152e+00
1.2382925004659335e+00
1.2344112972949528e+00
1.2988347048418249e+00
1.2287817545155904e+00
1.2255217924690269e+00
1.2225819177169372e+00
1.2195137198965169e+00
1.3657407090937332e+00
1.2076025645492650e+00
1.2469344782560996e+00
1.1992301084544887e+00
1.1910218064372728e+00
1.1831440585412607e+00
1.8764305172865026e+00
1.7923738955588928e+00
1.1688741992374889e+00
1.1583589938724277e+00
1.1514674278870147e+00
1.1408785976018021e+00
1.2753544767281777e+00
1.1240577671514342e+00
1.1169598331520021e+00
1.2392773135580437e+00
1.5216077879662722e+00
1.1000000000000001e+00
1.8016785835219422e+00
1.9950955325200175e+00
1.1389343438358703e+00
1.1454429552635739e+00
2.0186209763798320e+00
1.7564571012331733e+00
1.1819671264581004e+00
1.7745594491767733e+00
1.3557528556658645e+00
2.0841118880120848e+00
1.1577837826730961e+00
2.0826022710958814e+00
1.3022675327215256e+00
1.7644834778955838e+00
1.1000000000000001e+00
1.4525939821233191e+00
1.5471113470985900e+00
1.9167307115848291e+00
1.9336993313806818e+00
1.2834555273002344e+00
2.0597936421880716e+00
1.2963909220323546e+00
1.3368202905160262e+00
1.9700448718700576e+00
1.9196270189659466e+00
1.8954619337840914e+00
1.2843061693663489e+00
1.3130929445785069e+00
2.0330941151067083e+00
2.0171097547621848e+00
1.3158927012442758e+00
1.5930099381084559e+00
1.3159218028108888e+00
1.2026619261947529e+00
1.3139278431853298e+00
1.3136277791854238e+00
1.2469052025259255e+00
1.6571183121147883e+00
1.2707625717769562e+00
1.6141460182547325e+00
1.9632042695367624e+00
1.1000000000000001e+00
1.2913205426448990e+00
1.2848974798318575e+00
1.1731901655394334e+00
1.3190745574140144e+00
1.9426526757997782e+00
1.3251938480283947e+00
1.5873959922080476e+00
1.6701163813815141e+00
1.2424689160796900e+00
1.2306839053660936e+00
1.2193734853597640e+00
1.9312054412798469e+00
1.2044870234459855e+00
1.7132329691176240e+00
1.6971188511887285e+00
1.8416600298891184e+00
1.1586911531378368e+00
1.1291610968191916e+00
1.1345407665349314e+00
1.1243499587342114e+00
1.2244489559941232e+00
1.1000000000000001e+00
2.0581229151223193e+00
1.1000000000000001e+00
1.1396000048373132e+00
1.1499899967289284e+00
1.1583467694885354e+00
1.1834919459058899e+00
1.1970510176658733e+00
1.3112753384020295e+00
1.2245085999846721e+00
1.2279864310769240e+00
1.2449090147319508e+00
1.2532813981891637e+00
1.2726414205971390e+00
1.2824509644272379e+00
1.7493339355313520e+00
1.2995331686522946e+00
1.3042810475181732e+00
1.9743181514383337e+00
1.3273832439288618e+00
1.9588801143763181e+00
1.3355488832251323e+00
1.3477049643119769e+00
1.3521573650085168e+00
2.0213917330914324e+00
1.3614023263324775e+00
1.3628559189024894e+00
1.3664230476815367e+00
1.4560340416499864e+00
1.3736020323687361e+00
1.3756967791863599e+00
1.4210249274875624e+00
1.9951679157179818e+00
1.8145859560815119e+00
1.3772341627670166e+00
1.3768088885812653e+00
1.3746740057092914e+00
1.3742887366410106e+00
1.6561873391825661e+00
1.3687757356531436e+00
1.6335807536497540e+00
1.3611814547880710e+00
1.4013809861337010e+00
1.3477779613464560e+00
1.3456472193627644e+00
1.5968849749570726e+00
1.3313907719697031e+00
1.1923933254790544e+00
1.3203153043297224e+00
1.3102042377220831e+00
1.2983579105048073e+00
1.2871916424452698e+00
1.2829238648228134e+00
1.4510812957281560e+00
1.9932650067905016e+00
1.8611418564158080e+00
1.2341567738318486e+00
1.2269648386696690e+00
1.2075807824115348e+00
1.1485051289296804e+00
1.1753568768423530e+00
1.4289706890220719e+00
1.1443488353977367e+00
1.6782914019338127e+00
2.0407750897476395e+00
1.2953132987766152e+00
1.1000000000000001e+00
2.0115978083645505e+00
1.1491506307396404e+00
1.6104045313239226e+00
1.1000000000000001e+00
1.2343552926388619e+00
1.2204575290280517e+00
1.2343980104524812e+00
1.2545372594497748e+00
1.3098518687344101e+00
1.2505150130114173e+00
1.2902494060948335e+00
1.3142786282223256e+00
1.3264540122531678e+00
1.3358611190175358e+00
1.3476560579482171e+00
1.3535490178579961e+00
1.3311819560323797e+00
2.0356841940557162e+00
1.5402316903953288e+00
2.0063736795194238e+00
1.4074458016682356e+00
1.4129720207543091e+00
1.8719832388442099e+00
1.4244466577424362e+00
1.8717134308396646e+00
1.4306782635740021e+00
1.8934732499425349e+00
1.4395886570675300e+00
1.4421886094601886e+00
1.2031163883190608e+00
1.4440503984364192e+00
1.6184529319456993e+00
1.4440967752038161e+00
1.4435689344989262e+00
1.4409191661429914e+00
1.4404409788854833e+00
1.6072782934249936e+00
1.6466595769722780e+00
1.3227883162321075e+00
1.6186057166371737e+00
1.5599409113533627e+00
1.5843069031179315e+00
1.5624985270439640e+00
1.3946558695102111e+00
1.1654369580745885e+00
1.9893461486811512e+00
1.3734503749150648e+00
1.6829798462369090e+00
1.2121426423508888e+00
1.2748194928493650e+00
1.3270409655329731e+00
1.5388204028627839e+00
1.2902356817255294e+00
1.1691649018536141e+00
1.2665123547060158e+00
1.2575858873757229e+00
1.3612887601230557e+00
1.6072416989631142e+00
1.1000000000000001e+00
1.1000000000000001e+00
1.1550447718711729e+00
1.1388045216727209e+00
1.1362462903812585e+00
1.1000000000000001e+00
2.0279128312696222e+00
1.5918050731714222e+00
2.0330727210689061e+00
1.8544175373378158e+00
1.2898097093602281e+00
1.2162731470943624e+00
1.2351558779746392e+00
1.5877314961708009e+00
1.2733940514076532e+00
1.2782373732606924e+00
1.1370769748062890e+00
1.5340439114836812e+00
2.0839792511162702e+00
1.3540861587807351e+00
1.3646411301818437e+00
1.7449411668177641e+00
1.3844873242437550e+00
2.0237822838988677e+00
1.4166600691991862e+00
1.1000000000000001e+00
2.0114137955149021e+00
1.5832926098382392e+00
2.0510553902410278e+00
1.5826147237273258e+00
1.4640359655136570e+00
1.4660602779293570e+00
1.8736127930221498e+00
1.5767271956344369e+00
1.4810256068385912e+00
1.3833623749455870e+00
2.0734770611231430e+00
1.4860317743805767e+00
1.5729145242905904e+00
1.3748372786469651e+00
1.8592329726602710e+00
1.5798631135166541e+00
1.4819819298227326e+00
1.4208219525379360e+00
1.4743043752054745e+00
1.5176281109082153e+00
1.4637283738137259e+00
1.3807936164165724e+00
1.4450623055168883e+00
1.4496924115711944e+00
1.4306100753134250e+00
1.4222410613813872e+00
1.9245577962622402e+00
1.4068170649219698e+00
1.3927361194823209e+00
1.9054047469740869e+00
1.3606881554947527e+00
1.5141176509740897e+00
1.5668046652203873e+00
1.1060721562973672e+00
1.5485575024142291e+00
1.2868303598413942e+00
1.2768146759819259e+00
1.2498199137909964e+00
1.2359780484093843e+00
1.2049440293982241e+00
1.1512527064948599e+00
1.1617613903438910e+00
1.1435394884685135e+00
1.4380887479976081e+00
1.1000000000000001e+00
1.1000000000000001e+00
1.1236134289344979e+00
1.1652266337941708e+00
1.5886960468612055e+00
1.1961051237780558e+00
1.9496908819257992e+00
1.2598563236204146e+00
1.2854593731572992e+00
1.2399365343648803e+00
1.3108111881494362e+00
1.3386850020909331e+00
1.9961551442086598e+00
1.3843640743292154e+00
1.4005217370800751e+00
1.4130056848697263e+00
1.6440713467869212e+00
1.4364788749975705e+00
1.1959134518325494e+00
1.4745313578523487e+00
1.4776352012827436e+00
1.4879812845950664e+00
2.0319398794470964e+00
1.5153377297170436e+00
2.0394532466414867e+00
1.5305654477235591e+00
1.5329597138515456e+00
1.5388352637037097e+00
1.5445833789790255e+00
2.0719837579155413e+00
1.1000000000000001e+00
1.5177090006139953e+00
1.1000000000000001e+00
1.5572031979035541e+00
1.5566426515432887e+00
1.1000000000000001e+00
1.5524257220871975e+00
1.5517911311437822e+00
1.5462796271511485e+00
1.4613429829009270e+00
1.5376996519775892e+00
1.5302016420270257e+00
1.5071351775314348e+00
1.3833002408375943e+00
1.8396357296750963e+00
1.9503921681271201e+00
1.4811323056303531e+00
1.1000000000000001e+00
1.7176948889672694e+00
1.4462351808341700e+00
1.7201611898389215e+00
1.7095375241554871e+00
1.4013006688264233e+00
1.3763771156202840e+00
1.3524572515096547e+00
1.3371761157621087e+00
1.3963067706331100e+00
1.3091284854803664e+00
1.2772002889008651e+00
1.2562748513194006e+00
1.3147026380848548e+00
1.3977358542322129e+00
1.1730486083920995e+00
1.1514965583679313e+00
1.1261799293825072e+00
1.1876057326468803e+00
1.1000000000000001e+00
1.5762229685820603e+00
1.1000000000000001e+00
1.3038396417751237e+00
1.2311148070240028e+00
1.2128750794738168e+00
1.7266991696642640e+00
1.1000000000000001e+00
1.4429226139513969e+00
1.3179933142833322e+00
1.3468167611609079e+00
1.3610770511223635e+00
1.3940520736603195e+00
1.4188560093447244e+00
1.4236694751983845e+00
1.4398555329496274e+00
1.4479423734145092e+00
2.0358825126095903e+00
1.4872912662652178e+00
1.4905008545339804e+00
1.5011994185471296e+00
1.3696812272118652e+00
1.5294878703674502e+00
1.9517451898815832e+00
1.5452343814817426e+00
1.5477102178597726e+00
1.5537859418132958e+00
1.5597298896215142e+00
1.5660135713517058e+00
2.0631345234637086e+00
2.0513850237378621e+00
1.5721363672298683e+00
1.5727796531429044e+00
1.5722000095293165e+00
1.5714756598584099e+00
1.7975727405798985e+00
1.5671832026867314e+00
1.5614839272707208e+00
2.0018702787447635e+00
1.5526116409325448e+00
1.5448581812893396e+00
1.4190821365900848e+00
1.5220286365186415e+00
1.5183994431502568e+00
1.5043528286720420e+00
1.4941171017257076e+00
1.3044034153622233e+00
1.3233963424383834e+00
1.8323256248643189e+00
1.2892898345653376e+00
1.4188347874022582e+00
1.6782568491394696e+00
1.3857930072640432e+00
1.2669367523972908e+00
1.4130910953708629e+00
1.9505067979602975e+00
1.3162532836189069e+00
1.2832373253457556e+00
1.2615989790546716e+00
1.2979240982982299e+00
1.2030847089781920e+00
1.1755373013499215e+00
1.3754461058099863e+00
1.1270718533674353e+00
1.4792070604588754e+00
1.7978355203856009e+00
1.1271724578423570e+00
1.1750576276697209e+00
1.8850951455777414e+00
1.2105901405313730e+00
1.8984310802075868e+00
1.2522845290395277e+00
1.3134119111868752e+00
1.3359929039837410e+00
1.3425847655830729e+00
1.2064896983836593e+00
1.3905287047625798e+00
1.4272235829461821e+00
1.1780323727660758e+00
1.9271038183181686e+00
1.9697885508673130e+00
1.4871931548390167e+00
1.7490591729570373e+00
1.5309809286958616e+00
1.9152250522671685e+00
1.9839411844076551e+00
1.5694986038423762e+00
1.5779376592185113e+00
1.1571285186932194e+00
1.5954605072011203e+00
1.5982156384277864e+00
1.6986084432357555e+00
1.6115912287127148e+00
1.2097810686946264e+00
1.6225541331856843e+00
1.4331488691994090e+00
1.6253972597473296e+00
1.6261131136391329e+00
1.6254680814252493e+00
1.2214860137626680e+00
1.6206155740580359e+00
1.6198853372209832e+00
1.4977380339009807e+00
1.6094360259850353e+00
1.5275655448444909e+00
1.5950418685112759e+00
1.8536034804760064e+00
1.5696369620132258e+00
1.5655983655754424e+00
1.8784500110500151e+00
1.5385767749287389e+00
1.5283047674780481e+00
1.3301213113836465e+00
1.4984199364206974e+00
1.1757798467990817e+00
1.4548019920518243e+00
1.1000000000000001e+00
1.6732841867641590e+00
1.3905077463621336e+00
1.3729234294873869e+00
1.3542799987275220e+00
1.5702070817906923e+00
1.1698834869599657e+00
1.2798286822755038e+00
1.1000000000000001e+00
1.2147135179117097e+00
1.3831399922655698e+00
1.1218028918285170e+00
1.2290785571774840e+00
1.4926403895939750e+00
1.3804974307445406e+00
1.1292198305796459e+00
1.1807130211386561e+00
1.1602254439580753e+00
1.8945470138613216e+00
1.2701738982733632e+00
1.2978100980687957e+00
1.3294919335135880e+00
1.3537743443161949e+00
1.6694688245169118e+00
1.2789978680611784e+00
1.4124192732559309e+00
1.4518790133311996e+00
1.3575600831909431e+00
1.4873208379744334e+00
1.5066899720204270e+00
1.7342612889392937e+00
1.1760270045125254e+00
1.9591332207341043e+00
1.1887363552202266e+00
1.5800974663776548e+00
1.6048740802633483e+00
1.6139489961128279e+00
1.9231501797499759e+00
1.6327921442849664e+00
1.2269782549210162e+00
1.7326215771677971e+00
1.8262420190717215e+00
1.2475994927152838e+00
1.3646073278694786e+00
1.1570483878810141e+00
1.3125171484914901e+00
1.8460660175925701e+00
1.1117043515974163e+00
1.6641939127839622e+00
1.6598425788110980e+00
1.2946474416829976e+00
1.3203840575679870e+00
1.3205827710377569e+00
1.3331171497170766e+00
1.6323419622785282e+00
1.4372124913650610e+00
1.6050228633559560e+00
1.7419838380693351e+00
1.8924423481880606e+00
1.5716223734317036e+00
1.5605763974230784e+00
1.3774795199735872e+00
1.7323178538627153e+00
1.3890062729922039e+00
1.4815353825267341e+00
1.4728367667848534e+00
1.4419957566060126e+00
1.4123967356955154e+00
1.4897992452993423e+00
1.3734393232189963e+00
1.3587806680709071e+00
1.3192719420254622e+00
1.2933782972425960e+00
1.4106796786905993e+00
1.2233568776892287e+00
1.1903921225171032e+00
1.1637230922760011e+00
1.1323956805792985e+00
1.1000000000000001e+00
1.1000000000000001e+00
1.1315275799738542e+00
1.1870876448767969e+00
1.2574272654524246e+00
1.2283152050561883e+00
1.2836140415890469e+00
1.7062112297908412e+00
1.1000000000000001e+00
1.3686797361834127e+00
1.4458145237734812e+00
1.4486803829739077e+00
1.1000000000000001e+00
2.0680787089324202e+00
1.4582331902317240e+00
1.9023130793804357e+00
1.5388098891432367e+00
1.5492513421250829e+00
1.6817952753620720e+00
1.6000572924059862e+00
1.6042014034645513e+00
1.6180150249402905e+00
1.6447484679571245e+00
1.4904063722221190e+00
1.6647637944607547e+00
1.6748714693125768e+00
1.6780681849203851e+00
1.6859129527585641e+00
1.6935875757260355e+00
1.1000000000000001e+00
1.7063075824888569e+00
1.2557260242256083e+00
1.7096063970667692e+00
1.7104369859282684e+00
1.1828838399343142e+00
1.7087533142115059e+00
1.7040583167696661e+00
1.7032110397064870e+00
1.6958523293986365e+00
1.6910869434037408e+00
1.6843967354563743e+00
1.6743857324369953e+00
1.4767206975755554e+00
1.4687844409177604e+00
1.6402231108992087e+00
1.6220866006928651e+00
1.6088705786742177e+00
1.9619935036916234e+00
1.5845136020365218e+00
1.5622775194484195e+00
1.4753643172748765e+00
1.5116686184294936e+00
1.5022829957881700e+00
1.4690061972715769e+00
1.4370694789405154e+00
1.5368622970236259e+00
1.3950352537905772e+00
1.3792188745261313e+00
1.3214203216709488e+00
1.3086510979215129e+00
1.2412450100540879e+00
1.2330994653124798e+00
1.4834921060571953e+00
1.4205772437373130e+00
1.4905622927450226e+00
1.1585547755753156e+00
1.2271316304560715e+00
1.4975522533323828e+00
1.1000000000000001e+00
1.2182273602070839e+00
1.2379912979519938e+00
1.2109803806331159e+00
1.3295276330235761e+00
1.3561663265617367e+00
1.3944653743245621e+00
2.0477689386438547e+00
2.0607232374585407e+00
1.4625136279768705e+00
1.5083004751986542e+00
1.8489397112950536e+00
1.5494251609443175e+00
1.8835219203398739e+00
1.6314421052175985e+00
1.4997629413922144e+00
1.6377660020824938e+00
1.6422226154945845e+00
1.9652131918971749e+00
1.8984787487984753e+00
1.5104953730999662e+00
1.7041246963707946e+00
1.7053787809236010e+00
1.7589012560246551e+00
1.8047305524818622e+00
1.1000000000000001e+00
1.5765385632349067e+00
1.1000000000000001e+00
1.1000000000000001e+00
2.0394585696068006e+00
1.4819710011008844e+00
1.5215731858975863e+00
1.2046303631582715e+00
1.7933071466123098e+00
1.1439805212326710e+00
1.9010264463709530e+00
1.5216300124604154e+00
1.2571010642201446e+00
1.7176994589953714e+00
1.5982067785929872e+00
1.6859999240714558e+00
1.6809606758918596e+00
1.1000000000000001e+00
1.6472438875041255e+00
1.2543128433232820e+00
1.6210501810065185e+00
1.5971373025884361e+00
1.6141653156180951e+00
1.5427120461547383e+00
1.6540377415554803e+00
1.6400129131422601e+00
1.9063968151664801e+00
1.5209832366141494e+00
1.9280461424352415e+00
1.4576977700857472e+00
1.3544307410640049e+00
1.3243852223802339e+00
1.2782205482195217e+00
1.2431363334309671e+00
1.4390991805346200e+00
1.1739406667397063e+00
1.8795390498274789e+00
1.1000000000000001e+00
1.2390510316071199e+00
1.1359927528411133e+00
1.1994216517780512e+00
1.1987918735548910e+00
1.5177364120419976e+00
1.8767540388032184e+00
1.7406563566228774e+00
1.7709987819255997e+00
1.8173102758921873e+00
1.5120615630638932e+00
1.2547925600817658e+00
2.0711985689486552e+00
1.2255907823021432e+00
1.2460690284470095e+00
2.0322130146700994e+00
1.8288519236527876e+00
1.6128776941984175e+00
1.5992741286464005e+00
1.6708791650640828e+00
1.6756101962818533e+00
1.1000000000000001e+00
1.7218998408382751e+00
1.7330782493623733e+00
1.7447498883356340e+00
1.6314804455943861e+00
1.7599385465806454e+00
1.1450105468692209e+00
1.7776559101707354e+00
1.2373071257511723e+00
1.7921774199070111e+00
1.7944081235022695e+00
1.3426792726290238e+00
1.7968916605020466e+00
1.7960372480972668e+00
1.1000000000000001e+00
1.7896095962690417e+00
1.7886423214592324e+00
1.7802414152824990e+00
1.7748011195018196e+00
1.3605997376508221e+00
1.3678789285689301e+00
1.4866878533650507e+00
1.1000000000000001e+00
1.4877129462330418e+00
1.1516126574298648e+00
1.2793732116427108e+00
1.4768317147036387e+00
1.2078386160582806e+00
1.1000000000000001e+00
1.4735911877780705e+00
1.5699722226654613e+00
1.5592573375943817e+00
1.9088888322247257e+00
1.4848077922837695e+00
1.4915889813778063e+00
1.4368203641987689e+00
1.4360464681382341e+00
1.7239075090868505e+00
1.4610488876553327e+00
1.7221643769696460e+00
1.1729636561641610e+00
1.4519093501863982e+00
1.9482414950443747e+00
1.9807017190637140e+00
1.1550104785948059e+00
1.1000000000000001e+00
1.1377472406941778e+00
1.2042680185215509e+00
1.2316251835381804e+00
1.2536288206705188e+00
1.3198368358256576e+00
1.3555382846313617e+00
1.3964660328230623e+00
1.4278349349357047e+00
1.4369921700984660e+00
1.2418752370793533e+00
1.5035945887142308e+00
1.5545701172098825e+00
1.2732067816289756e+00
1.6003551563052456e+00
1.6253769086689029e+00
1.6378782182914473e+00
2.0118928549451520e+00
1.6987070048821116e+00
1.4350652877070771e+00
1.9197690851828475e+00
1.3894959019022166e+00
1.7639380200347827e+00
1.4365099661394751e+00
1.7882802847016162e+00
1.7921076381990573e+00
1.4016715091785001e+00
1.8106886450715702e+00
1.8518994173095245e+00
1.8259180143192566e+00
1.8282574548699504e+00
1.8298676085469512e+00
1.2261360614313113e+00
1.8299659920990874e+00
1.8288462322187835e+00
1.8232250206115928e+00
1.4867636151909811e+00
1.5356133278446087e+00
1.8076946959566815e+00
1.7996846650601532e+00
1.7876987231998513e+00
1.6034672867691055e+00
1.7524069168436323e+00
1.7467966083213748e+00
1.7250821850551745e+00
1.7092589482393090e+00
1.6137125972823214e+00
1.6800969047051071e+00
1.6534741584542125e+00
1.6222824181810043e+00
1.5928812943773170e+00
1.5816441059473592e+00
1.5418025664388024e+00
1.5035654738733577e+00
1.4791378182904653e+00
1.7185586062270664e+00
1.4343022861835841e+00
1.3832634758286542e+00
1.3498131230141774e+00
1.2984169512757515e+00
1.2593569045763433e+00
1.1997806973275291e+00
1.1823198100126922e+00
1.2119021362707727e+00
1.1000000000000001e+00
1.2755343375272594e+00
1.1383149544782492e+00
1.2058361964933422e+00
1.3846893533933355e+00
1.8149404617030602e+00
1.3781987278723866e+00
1.3593815485064240e+00
1.4009248449176006e+00
1.7660955085455861e+00
1.2790995396755620e+00
1.3331003329189615e+00
1.3542855303397650e+00
1.5614067949807922e+00
1.5460779036218484e+00
1.6078804353439746e+00
1.7447643763484291e+00
1.5585379554011929e+00
1.2930937586336169e+00
1.7077114834358029e+00
2.0614093474734290e+00
2.0505276514236046e+00
1.7620239412343826e+00
1.8838908181765275e+00
2.0786729846271901e+00
2.0861658826232086e+00
1.8025168506087841e+00
1.5817097890853491e+00
1.8213773135032330e+00
1.8312372454932260e+00
1.8368357305617165e+00
1.2424228923538603e+00
1.8408447261931511e+00
1.2636136260262985e+00
1.9492021297968627e+00
1.8398079884926140e+00
1.8341022345651397e+00
1.2146060810287675e+00
1.8241296317573497e+00
1.8183383357677070e+00
1.8102078350072317e+00
1.7980416260788199e+00
1.7813409891855325e+00
1.7622190353642018e+00
1.6852265286984347e+00
1.7344833430234734e+00
1.7184221267027806e+00
1.7039379199314686e+00
1.6888214896771978e+00
1.6617983406488148e+00
1.6301374804988520e+00
1.1920449094744352e+00
1.7590198476008903e+00
1.1000000000000001e+00
1.9012598468432425e+00
1.2049353364298308e+00
1.4783845970665135e+00
2.0011524249476418e+00
1.8283033092329826e+00
1.1924173154815569e+00
1.3014781409398846e+00
1.2617536125118431e+00
1.1000000000000001e+00
1.1835578896706198e+00
1.1212278307743417e+00
1.1788868538197548e+00
1.3048782196278674e+00
1.1399721228648190e+00
1.5371981605293550e+00
1.2393833803937895e+00
1.2626839467597541e+00
1.6382306550705734e+00
1.3706001159847798e+00
1.5494101792682338e+00
1.4471580453998907e+00
1.4568550225112373e+00
1.9917879547187325e+00
1.5273830932004968e+00
1.5813632001077964e+00
1.1586369708526223e+00
1.6298468819461005e+00
1.6191666239560476e+00
1.6695816126547220e+00
1.7053873569717866e+00
2.0342446460420405e+00
1.1740217581578392e+00
1.1863958940383819e+00
1.7906572819627078e+00
1.8030715788332712e+00
1.1000000000000001e+00
1.8288486151457737e+00
1.8329015589221491e+00
1.5340752251619638e+00
1.8525777597781947e+00
1.8628641458201383e+00
1.2236291464767548e+00
1.8711821030609028e+00
1.8728871617466427e+00
1.1982527006744326e+00
1.8729913441812138e+00
1.8718055838794947e+00
1.2472220880595808e+00
1.2961915994763931e+00
1.2924943842370622e+00
1.8494073425590680e+00
1.8409251877509574e+00
1.8565161984335723e+00
1.8108098157345354e+00
1.9712499471654352e+00
1.8771185595501720e+00
1.6443925308809135e+00
1.2843637943529447e+00
1.6290524952044740e+00
1.7142887353339797e+00
1.6860968022398133e+00
1.6530665713768586e+00
1.2057509383715956e+00
1.6100329726356213e+00
1.2047881498069406e+00
1.6559053126544914e+00
1.5014848019803333e+00
1.2441563339935859e+00
1.4540065925767456e+00
1.3999594738771226e+00
1.3645375042713273e+00
1.2166651700574094e+00
1.2687496530061690e+00
1.3145713291709824e+00
1.7085280025727410e+00
1.1443166198679868e+00
1.1000000000000001e+00
1.9544157991447957e+00
1.4407839009212635e+00
1.3269685803017448e+00
1.2462976770378675e+00
1.2707540987674641e+00
1.3556355735080916e+00
1.6088319577340797e+00
1.9109190343108535e+00
1.4643792786738408e+00
1.4745572871399248e+00
1.3813836028749880e+00
1.3991272265818844e+00
1.6052418573026848e+00
1.6491624255422161e+00
1.6561306362026331e+00
1.9286612702038202e+00
1.5710282048905087e+00
1.7354183962452741e+00
1.7654459404050533e+00
2.0825074274475126e+00
2.0811293220815745e+00
1.8249182484666857e+00
2.0915314404420351e+00
1.4024853627739859e+00
2.0901438918920761e+00
1.1000000000000001e+00
1.2856718424023412e+00
1.9863004227576995e+00
1.9007070291569432e+00
1.9068373874976849e+00
1.9094376096507308e+00
1.5022165601840796e+00
1.1000000000000001e+00
1.3041252945996125e+00
1.1000000000000001e+00
1.9038442009879428e+00
1.9027166960187056e+00
1.8929241702914732e+00
1.4487846291126096e+00
1.5794890083848188e+00
1.4667845201555467e+00
1.8460704752882484e+00
1.6992619813003964e+00
1.8188961775384036e+00
1.7947612088593994e+00
1.7771741276705650e+00
1.7613138767806782e+00
1.7447613392356425e+00
1.5737410948920556e+00
1.6805021689898521e+00
1.6478236495822456e+00
1.6353338317559876e+00
1.2287202126567380e+00
1.5485516355860018e+00
1.5214009857544548e+00
1.7705059436363393e+00
1.4715675570771014e+00
1.4148393596836548e+00
1.3776602364998642e+00
1.4733773297003885e+00
1.2771207023821669e+00
1.2297885981710628e+00
1.1914961457627302e+00
1.1465150043178718e+00
1.1000000000000001e+00
1.1000000000000001e+00
1.1434311305071043e+00
2.0965679665787640e+00
1.1963331708877949e+00
1.2767618834513379e+00
2.0178092352353243e+00
1.3940166323494503e+00
1.1697028220223449e+00
1.4771995404733473e+00
1.4877356503485117e+00
1.4477054156105629e+00
1.5643669029061653e+00
1.6230182053603008e+00
1.6527362764447238e+00
1.6756974468533170e+00
1.8291241658551798e+00
1.7188706423552671e+00
1.2360546103370953e+00
1.1488954139246970e+00
2.0518352263203878e+00
1.4892190144532895e+00
2.0928824022662877e+00
1.8639122295158081e+00
1.2189198292249930e+00
1.8919198945567863e+00
1.8963235618497396e+00
1.7270629164565070e+00
1.9177024525869899e+00
1.3587595907966741e+00
1.2346436113585215e+00
1.4996683734594811e+00
1.9397693388115700e+00
1.6952741356560947e+00
1.9398825367252190e+00
1.2148557945616456e+00
1.9321265257682854e+00
1.9309593508459750e+00
1.9208222864722027e+00
1.3841026065321294e+00
1.9050415194118897e+00
1.4141633415491888e+00
1.8723200986172388e+00
1.8506448002050613e+00
1.4821348630493465e+00
1.8192055752298919e+00
1.8009997130117119e+00
1.7845814376113363e+00
1.1698663384057246e+00
1.7368149821303998e+00
1.5082328795596507e+00
1.6670981885548419e+00
1.6541689309916605e+00
1.7836494869865138e+00
1.5643334040217329e+00
1.5095485054757039e+00
1.5064287402395484e+00
1.4846407301051303e+00
1.5104540039743353e+00
1.3874293894994438e+00
2.0054743347678716e+00
1.2833524886212644e+00
1.2343550592859753e+00
1.4867357145168227e+00
1.2035098150495063e+00
1.1000000000000001e+00
1.1000000000000001e+00
2.0874949100470848e+00
1.2216054238191585e+00
1.7513496544511340e+00
1.2213975045853793e+00
1.5105093317110736e+00
1.1659552239219115e+00
1.5098796148679390e+00
1.4823464449680963e+00
1.4930263205307945e+00
1.7585628985381430e+00
1.7040866588894330e+00
1.6785003447603049e+00
1.6602783875036984e+00
1.6835528641030479e+00
1.2596647742743403e+00
1.7273151597764951e+00
1.9200890710064935e+00
1.7982583931729748e+00
1.8040450507676704e+00
1.8233337948416561e+00
1.8606632193863955e+00
1.2739309234942098e+00
2.0402341950900551e+00
1.9027256767156420e+00
1.5067184267506146e+00
1.9181435270426435e+00
1.9288600388960977e+00
1.7760594722407408e+00
1.9466217066454528e+00
1.8880666476805570e+00
1.9512280287639960e+00
1.6742718099098450e+00
1.9513427712682079e+00
1.5061479467413317e+00
1.2956838976133946e+00
1.5011932544604147e+00
1.9320224430533379e+00
1.4229386955200798e+00
1.9160263467250958e+00
1.9020474147336670e+00
1.4969436085537631e+00
1.8608873818669771e+00
1.8543442063537268e+00
1.8290191672696752e+00
1.3889591375026471e+00
1.4288169192271558e+00
1.4934800899921115e+00
1.7455043508654129e+00
1.7091261320274227e+00
1.6748362685428877e+00
1.2059134083863374e+00
1.1487606837309023e+00
1.5706692539573466e+00
1.5421798335944568e+00
1.5119744784642264e+00
1.4898891699631356e+00
1.5723268264836867e+00
1.3913513762942347e+00
1.3314091875430238e+00
1.4774868433228532e+00
1.6005018448089281e+00
1.4668926091570675e+00
1.4637375525830729e+00
1.4385078650282870e+00
2.0566946950972662e+00
1.1484078516177116e+00
1.2268005311622769e+00
2.0676469918231279e+00
1.2868282944192486e+00
1.4426275831857662e+00
1.4107605829956058e+00
1.1000000000000001e+00
1.4986806738329448e+00
1.5098168045380278e+00
1.3067174495405089e+00
1.5829915108059185e+00
1.5570990900925734e+00
1.6842140498590195e+00
1.7084828357621080e+00
1.1000000000000001e+00
1.8748093715759571e+00
1.1475667575242881e+00
1.1318781804570528e+00
1.8307121981021666e+00
1.3493903913588430e+00
1.4651172058799313e+00
1.1299486070340832e+00
1.9223020523767407e+00
1.9370189337649073e+00
1.5889005737376047e+00
1.9530954503333753e+00
1.6150619957556493e+00
1.3771805439673912e+00
1.3695511394158646e+00
1.3708611116066747e+00
1.3164877291287564e+00
1.3041528099617525e+00
1.9877130000262904e+00
1.1000000000000001e+00
1.9795152920686252e+00
1.7030762234843642e+00
1.3561389507669332e+00
1.8735754892362593e+00
1.9508878219201016e+00
1.9363116957414661e+00
1.2986501483819943e+00
1.8933932644228557e+00
1.8865705577991612e+00
1.8601636072971948e+00
1.3457140883772691e+00
1.8235676599656372e+00
1.8054569242341276e+00
1.4595497665357620e+00
1.7351486196928332e+00
1.8878373815663507e+00
1.6857282926373265e+00
1.7930646034165934e+00
1.5907767230209815e+00
1.5610702056546839e+00
1.5295744470431754e+00
1.5065456317085433e+00
1.2592982432321207e+00
1.4037982033096545e+00
1.3412952233111133e+00
1.2937942279058479e+00
1.2420064443922161e+00
1.2001092739920982e+00
1.4203609869569442e+00
1.1000000000000001e+00
1.6301051223618903e+00
1.1465327804808574e+00
1.2285360393981244e+00
1.2404868436217309e+00
1.2893853976165450e+00
1.8357285328637154e+00
1.4150139370330226e+00
1.4654674771370539e+00
1.8820897153505554e+00
1.5154259327723112e+00
1.7670472459836075e+00
1.5975298340892514e+00
1.6603697406297511e+00
1.6922101385641257e+00
1.7168110893045596e+00
1.2896178082674641e+00
1.7630675142581020e+00
1.9425570766991247e+00
1.9860393127616072e+00
1.8441704452106085e+00
1.9133486292607667e+00
1.9040154334000217e+00
1.9184672990929132e+00
1.9335568316049740e+00
1.9484751417144641e+00
1.5798780517720050e+00
1.5541525387358681e+00
1.9760989704991694e+00
1.9880736695975851e+00
1.2586355434851020e+00
1.9977568600461544e+00
1.9997417714254881e+00
2.0009676698037984e+00
1.9998630534092914e+00
1.8601402309390154e+00
1.9915531441103131e+00
1.3448816548769613e+00
1.9794416084554525e+00
1.4656381992440264e+00
1.9625338521787197e+00
1.9477582237835089e+00
1.6296342281985847e+00
1.9042523714948099e+00
1.1656687134066843e+00
1.8705679028388866e+00
1.8510618623519890e+00
1.1462940062422877e+00
1.2951612457867212e+00
1.3019838239531119e+00
1.7438418455836096e+00
1.7984513954691748e+00
1.6937451066563471e+00
1.1000000000000001e+00
1.5974939428698094e+00
1.5673808348916667e+00
1.5354539964734453e+00
1.5121099876746475e+00
1.4491920706408761e+00
1.4079562638402119e+00
1.1000000000000001e+00
1.1368121958720008e+00
1.1173800658787858e+00
1.8481504086940026e+00
1.1480084106183295e+00
1.4895063195412697e+00
1.1000000000000001e+00
1.1476460517202229e+00
1.2316111936099547e+00
2.0850226358229111e+00
1.2939163393342668e+00
1.3774866998788358e+00
1.4225504726209277e+00
1.4742110859868953e+00
1.2206069414511402e+00
1.5253647702598383e+00
1.5195518713135441e+00
1.8014718643469347e+00
1.3178923061322230e+00
1.1707357405476690e+00
1.8807414527499251e+00
1.1000000000000001e+00
1.1000000000000001e+00
1.2176581954010217e+00
1.8557115273931237e+00
1.8619743147683199e+00
1.8828501486833387e+00
1.9232510614618019e+00
2.0019655258847848e+00
1.1000000000000001e+00
1.7353076071917841e+00
1.9736054800074454e+00
1.4848158747202924e+00
1.9970591576321022e+00
2.0093203448356465e+00
2.0162822664341604e+00
2.0192352003023020e+00
2.0212675995972185e+00
2.0225228269215503e+00
2.0213917831859338e+00
1.1000000000000001e+00
2.0128830638668216e+00
2.0116026164995615e+00
1.8014579488730833e+00
1.2509459409950678e+00
1.7810510282576755e+00
1.6597282239353222e+00
1.2551622319734141e+00
1.9234936681704942e+00
1.9164121161125949e+00
1.7417019606058095e+00
1.8690306052833241e+00
1.7960825555051243e+00
1.8322211270553619e+00
1.9195165510558994e+00
1.7592454084479243e+00
1.3955814387773122e+00
1.7079501325310944e+00
1.6576605744831920e+00
1.7920924824715221e+00
1.5785626649035136e+00
1.1445680486600687e+00
1.5219694929952505e+00
1.4575462993209976e+00
1.9457903691718301e+00
1.3504496792029521e+00
1.3011465521131518e+00
1.2527112955501762e+00
1.2039073016552611e+00
1.2015197810230511e+00
1.1000000000000001e+00
2.0979645175733062e+00
1.2016248663870590e+00
1.2336761278674764e+00
1.2687492014782378e+00
1.2416490023478821e+00
1.3818403705421725e+00
1.4276111783437906e+00
1.8931796408972434e+00
1.3092989696291548e+00
1.5320385968695671e+00
1.3712999929569194e+00
1.6174257899265059e+00
1.6827786312091715e+00
1.7158923098751480e+00
1.7414770396695198e+00
1.1513618537928865e+00
1.7895832346770524e+00
1.2025571467535479e+00
1.8675683807421075e+00
2.0520457868457500e+00
1.8951327976448913e+00
1.9361675868174753e+00
1.9511973750024281e+00
2.0133492847946366e+00
1.9824052154344873e+00
1.9873120488314622e+00
1.3211914077767921e+00
1.8272455731756472e+00
1.3713914070536817e+00
1.2118321718116756e+00
1.6556780327371541e+00
1.6713494673822367e+00
1.3476567477980228e+00
2.0358481026334880e+00
2.0344125218383144e+00
2.0431724919877978e+00
1.2060434211553452e+00
2.0146100148592678e+00
2.0072953337871970e+00
1.9970261263204272e+00
1.9816596283333316e+00
1.5235656714073960e+00
1.5531350362737169e+00
1.9292213407733230e+00
2.0418495594216903e+00
1.7882039564312777e+00
1.3779488186425113e+00
1.8946201607516122e+00
1.9423762671072773e+00
1.7695887416453440e+00
1.7318952241050938e+00
1.8455538666634412e+00
1.5531677272627367e+00
1.4003010148039898e+00
1.1883995864140764e+00
1.4056988091162628e+00
1.5434867084726285e+00
1.4631560775007018e+00
1.4202712725198152e+00
1.3543791483323342e+00
1.5767450431622445e+00
1.9185912993339238e+00
1.2716550849707520e+00
1.4169067850045152e+00
1.6350579894099573e+00
1.1000000000000001e+00
2.0993242444666858e+00
1.2361100594034999e+00
1.2718217321515071e+00
1.6167563121202444e+00
1.4186690239047266e+00
1.8567777567642509e+00
2.0394915620638137e+00
1.1000000000000001e+00
1.2624929854451474e+00
1.4272243280170152e+00
1.2516070423723300e+00
1.2467705918769485e+00
1.7271062770936303e+00
1.7531568453415880e+00
1.4316968967536872e+00
1.1851588249640277e+00
1.9332904108061233e+00
1.2393728684498317e+00
1.5225683353047570e+00
1.1000000000000001e+00
1.9513922547624758e+00
1.9666957004510286e+00
1.9396702334305405e+00
1.9877159776491697e+00
2.0034679385359100e+00
2.0157285963820573e+00
2.0277233332873874e+00
1.1469903050098447e+00
2.0476035456705546e+00
1.3087060777448538e+00
2.0527592924908520e+00
2.0540574272542678e+00
1.6784940560093236e+00
2.0514260016633155e+00
1.4365128258838462e+00
2.0427639312493571e+00
1.7722455712750336e+00
2.0238150726562112e+00
1.7903597723706901e+00
1.9977126006005019e+00
1.9762348382192299e+00
1.4361002499425650e+00
1.9443195337255665e+00
1.2058991335605938e+00
1.8953183805811595e+00
1.7602314721457690e+00
1.8572506438575804e+00
1.7361837082921252e+00
1.7817803960600544e+00
1.7434005671902615e+00
1.7287316935853241e+00
1.6767230874362038e+00
1.6268089045995544e+00
1.5949213737955765e+00
1.6993267338791833e+00
1.5363936773361506e+00
1.9650999244906218e+00
1.4261026678684385e+00
1.3590108012767304e+00
1.3080223452578690e+00
1.3003504766890210e+00
1.2074591652338393e+00
1.6497169897270774e+00
1.1000000000000001e+00
2.0980990396331909e+00
1.1000000000000001e+00
1.2377395786245706e+00
2.0717406862809860e+00
1.3029459207510816e+00
1.5607770293133418e+00
1.4375698142790969e+00
1.4916359686945295e+00
1.2777026402011018e+00
1.5451715892112068e+00
1.6040329340887740e+00
1.2434796255619180e+00
1.7004937783187062e+00
1.7346140376269559e+00
1.7609764851134204e+00
1.1000000000000001e+00
1.8105449992174343e+00
1.8552121584137597e+00
2.0840766393751138e+00
1.4329964858955750e+00
1.7233694914157969e+00
1.4672316853497962e+00
1.9770718424415159e+00
1.9932418276035400e+00
2.0092283303610055e+00
1.4325294113155453e+00
1.5453665862924915e+00
1.4284728084922584e+00
2.0124068106152690e+00
1.3986502372976750e+00
1.2378462864213218e+00
2.0641657938690137e+00
2.0654794699932792e+00
1.2703941383895498e+00
2.0628165407897501e+00
1.6737393218924619e+00
2.0540507674584934e+00
2.0309054543180611e+00
1.7956452920858363e+00
1.1000000000000001e+00
1.3978063417635334e+00
1.9867251834391761e+00
1.5120559367485251e+00
1.9544277866714612e+00
1.2347035323493838e+00
1.9048399882691402e+00
1.8859896459146963e+00
1.8663165019193722e+00
1.8311474644482213e+00
1.7899427189978150e+00
1.3805227736625569e+00
1.1841683599464756e+00
1.6836276568731077e+00
1.6331158979227398e+00
1.9345041166587331e+00
1.5666337181812433e+00
1.5416182131881624e+00
1.4741951976607846e+00
1.3670956137307684e+00
1.3621116968387121e+00
1.3105128034319047e+00
1.1000000000000001e+00
1.6780864908278383e+00
1.3404759306477592e+00
1.8521380236469640e+00
1.1000000000000001e+00
2.0245543196295648e+00
1.2384467256532863e+00
1.3269386903297606e+00
1.9129590654513453e+00
1.3918986140678475e+00
1.4494032862361808e+00
1.4936466051024961e+00
1.1436622783562711e+00
1.9480236049813620e+00
1.6066206100151483e+00
1.6358915426912144e+00
1.3034203711029759e+00
1.7378721093850549e+00
1.7643699001519031e+00
1.2858147613794773e+00
1.8141928961398934e+00
1.8590893739476324e+00
1.8949611551741758e+00
1.9206331425523084e+00
1.9235092835918077e+00
1.9660085113106816e+00
1.9815746785438622e+00
1.9978276794743088e+00
1.1714675196172935e+00
2.0189782031628809e+00
2.0314493455647975e+00
1.5578067692312514e+00
2.0565480021821658e+00
2.0638715072969784e+00
1.4471509633823154e+00
2.0691157652797880e+00
2.0704361857412823e+00
1.6943430755891344e+00
2.0677595852132669e+00
1.6258017970336587e+00
1.7595771564329907e+00
2.0472503716781976e+00
2.0396746462305675e+00
2.0042101811398298e+00
2.0131240605985665e+00
1.9912775792357791e+00
1.9662637183604674e+00
1.9588143695013951e+00
1.8178916459886447e+00
1.8188697735276447e+00
1.8900248712889862e+00
1.8702507265104396e+00
1.8349011332353662e+00
1.7934848450054246e+00
2.0022586240951403e+00
1.7395254301762151e+00
1.6866239675018706e+00
1.6358528841030497e+00
1.8716720134238503e+00
1.5690293886966136e+00
1.5438854555479922e+00
1.4761162941591752e+00
1.5668383423915690e+00
1.3634573631276756e+00
1.3115935639870042e+00
1.2550492499326118e+00
1.2093039679305142e+00
1.5029054213012698e+00
1.1000000000000001e+00
1.3168334925471672e+00
1.2626427449140369e+00
1.2403606189079581e+00
1.2771875258325160e+00
1.6518440252791196e+00
1.8354530744268309e+00
1.2539237213223786e+00
1.3100601672281882e+00
1.4990060527849842e+00
1.4005878864063628e+00
1.2150221434872004e+00
1.6432997295150829e+00
1.7119205475785919e+00
1.7466900797757208e+00
1.2072176136146555e+00
1.8072372632215641e+00
1.8240659282394738e+00
1.1913576627383067e+00
1.9059507310231865e+00
1.9126298643701314e+00
1.1000000000000001e+00
1.9800821522157359e+00
1.9505358062448774e+00
1.7612756440997965e+00
2.0265299956083553e+00
2.0316821958064373e+00
1.1230227444997567e+00
1.1000000000000001e+00
1.6482867292865886e+00
1.7526261093830888e+00
1.1000000000000001e+00
1.7797367948025955e+00
1.7250156159185266e+00
1.7925251070085293e+00
1.7362500292916845e+00
1.8325414364409527e+00
2.0722053568573848e+00
2.0603451999472346e+00
1.7994301776733936e+00
1.1162007864876582e+00
1.8168870288158647e+00
2.0035986373098535e+00
1.9782389837884775e+00
1.9706866548230444e+00
1.9414557369242518e+00
1.7603465682815846e+00
1.9009462077456498e+00
1.2073549422888821e+00
1.1000000000000001e+00
1.8030716081506712e+00
1.1447509241601168e+00
1.7552719549125966e+00
1.9430573065692847e+00
1.7469136557429790e+00
1.1659361499347338e+00
1.7460083651305354e+00
1.8525152125199393e+00
1.9260641587969620e+00
1.2096748030478859e+00
1.3670994085989887e+00
1.3145186421565007e+00
1.2571926571687719e+00
1.2108149904985377e+00
1.1000000000000001e+00
1.2622382609977629e+00
2.0463344545995028e+00
1.1510575145518416e+00
1.2410345703434933e+00
1.1542134647010849e+00
1.8508194491572678e+00
1.3973547797874040e+00
1.5482561342023726e+00
1.5010046431638919e+00
1.5434347161079676e+00
1.5558209371662246e+00
1.9442387337869258e+00
1.6459084215790063e+00
1.8477256302314291e+00
1.2824077667811224e+00
1.7767882951000589e+00
1.8106331129443751e+00
1.8275425819871971e+00
1.8893253084791812e+00
1.8531003136091726e+00
1.9165317641188793e+00
1.9389023101644711e+00
1.9821959329856575e+00
1.9980530628474678e+00
1.9095891425659728e+00
2.0309787948902693e+00
2.0361557337418761e+00
2.0488599866019368e+00
2.0612886974058275e+00
1.7175374243506047e+00
2.0818881830286022e+00
1.8137290611711676e+00
2.0872304666245918e+00
2.0885755683709917e+00
2.0873635417726684e+00
1.1934957954750205e+00
2.0782455971630269e+00
2.0768734696156992e+00
1.2446341002779548e+00
1.8003831514574080e+00
2.0464045400679969e+00
2.0301921656084172e+00
2.0079373300535921e+00
1.2637578670767349e+00
1.9748673183559129e+00
1.9454960461381297e+00
1.2732192774647488e+00
1.9047920075910514e+00
1.8846482447133617e+00
1.5553983180460611e+00
1.8140068582985160e+00
1.3061830372386762e+00
1.7514794325617862e+00
1.7477950757533289e+00
1.6458690403849319e+00
1.6128278072390274e+00
1.5777964809291107e+00
1.7410260388731031e+00
1.4831466558390729e+00
1.2361679581935503e+00
1.3683819052939765e+00
1.6971982369224174e+00
1.4454220867951177e+00
1.2113470765103149e+00
1.1906954371263176e+00
1.1000000000000001e+00
1.1000000000000001e+00
1.1515235671989310e+00
1.2423219329465627e+00
1.2796634367011395e+00
1.3096975757682583e+00
1.4000690322037432e+00
1.4488001702369298e+00
1.3254871870463258e+00
1.7568603614988576e+00
1.2053260726359400e+00
1.1000000000000001e+00
1.1683945935887614e+00
1.7204711536518200e+00
2.0931150650737345e+00
1.7829660140748098e+00
1.2688306758507766e+00
2.0944681845869262e+00
1.4969722456665657e+00
1.3661875990296801e+00
1.9239850605325504e+00
1.9465598047709625e+00
1.3799248666142800e+00
1.6491228096081074e+00
1.3849564075628198e+00
1.4314626664401571e+00
2.0447009569402228e+00
2.0575211741343629e+00
2.0700633341263095e+00
2.0833223572774839e+00
2.0908508517143578e+00
1.1901758909114415e+00
2.0962418996388359e+00
1.2310545383250153e+00
2.0963761894959632e+00
2.0948477592748795e+00
2.0871750163496676e+00
1.1435077158513203e+00
2.0737644804920015e+00
2.0659767059231799e+00
2.0550433143010887e+00
1.7956445681928832e+00
1.5195821394776021e+00
1.9905109619370180e+00
1.9828531013136361e+00
1.9532137283219386e+00
1.5725769563192902e+00
1.9121381435866331e+00
1.8918105085778010e+00
1.7780508275177636e+00
1.8128959037824424e+00
2.0420568960319572e+00
1.7574261324106684e+00
1.7030439259122048e+00
1.6508517292891725e+00
1.6175088959908535e+00
1.5821578039715971e+00
1.3954038952530725e+00
1.1973934454319841e+00
1.3970465619933303e+00
1.3708316935081317e+00
1.3175161953710517e+00
1.2593891718868555e+00
1.1938460614076671e+00
1.6945958561550145e+00
1.1000000000000001e+00
1.9186256525131165e+00
1.4010776804266825e+00
1.2425559215030733e+00
2.0078174974523000e+00
1.3100423352304291e+00
1.4050213680859442e+00
1.4493736254075746e+00
1.6748656874445431e+00
1.5482180817601319e+00
1.5607379139729016e+00
1.1353309444927431e+00
1.6517971792656563e+00
1.8134097951399437e+00
1.4091904622458600e+00
1.7840888644217001e+00
1.5309045361162523e+00
1.8353906418497838e+00
2.0090219851234803e+00
1.7706529143191423e+00
1.9253397573871291e+00
1.6158846271216980e+00
1.5806444890951212e+00
2.0077404328674544e+00
1.3699816530702691e+00
2.0410213374080435e+00
2.0462541203119686e+00
1.1464486885362801e+00
1.8778450763298693e+00
1.1000000000000001e+00
1.8849893318137814e+00
1.4125617480223704e+00
2.0195491244245338e+00
1.4132528119373400e+00
1.2511080169210693e+00
1.4136796189683691e+00
1.4082099111651232e+00
1.4132950372998496e+00
1.1000000000000001e+00
2.0010309691845758e+00
2.0566134813294008e+00
2.0402262226933843e+00
1.4104018711298218e+00
1.6611726681327563e+00
1.8368906785825425e+00
1.2713920012046256e+00
1.4061851361495690e+00
1.6201756734400998e+00
1.7902385282572908e+00
1.4037363912380152e+00
1.8140679612441057e+00
1.5360779380689875e+00
1.6381434320665136e+00
1.7040353780012489e+00
1.6517573732635003e+00
1.7439230981222620e+00
1.5829505096791845e+00
1.5570602869722212e+00
1.4872796893763840e+00
1.4415461467457158e+00
1.1222905617517855e+00
1.3178738092645592e+00
1.8402612123918698e+00
1.8443776187502130e+00
1.8544793156699910e+00
1.1000000000000001e+00
1.9254098263886377e+00
1.1516359816603201e+00
1.2426324518858718e+00
1.2800554275815472e+00
1.5103656017029772e+00
1.4002985558379242e+00
1.8183597505412368e+00
1.7402042195671854e+00
1.5484587052362568e+00
1.5609852586538824e+00
1.3880927314516529e+00
1.1501174527030253e+00
1.7218249017390961e+00
1.7571572026849425e+00
1.7844561138639565e+00
1.1000000000000001e+00
1.1000000000000001e+00
1.3775994631568464e+00
1.3682798220766281e+00
1.4624427983024457e+00
1.9484068345800494e+00
1.9921909618260740e+00
1.5548778885508678e+00
1.3614886268400177e+00
2.0415265196720562e+00
2.0467621117674515e+00
2.0596103001966810e+00
2.0721798247566650e+00
1.8832575746509410e+00
2.0930126966887603e+00
1.1512799520076284e+00
2.0984155068374344e+00
2.0997758482037940e+00
1.3162296642181575e+00
2.0970183247287650e+00
2.0893288413620388e+00
2.0879411680001185e+00
2.0758890463080988e+00
1.6180192687991330e+00
2.0571270341523524e+00
2.0407309781043224e+00
1.1875884702389092e+00
1.9924538846729507e+00
1.9847793160783591e+00
1.9550752757056573e+00
1.1585589999529782e+00
1.9139100719865492e+00
1.8029639929456889e+00
1.8571197515322226e+00
1.8144513048038959e+00
1.7742323149757422e+00
1.7588605091162381e+00
1.7043596511581605e+00
1.6520535812536172e+00
1.2674430298307326e+00
1.5832097790731792e+00
1.8657779567891555e+00
1.3449482835202962e+00
1.4417295039649614e+00
1.3714225958972315e+00
1.3179907736519307e+00
1.2597369282415296e+00
1.2126086071968714e+00
1.8643619172702137e+00
