1.1000000000000001e+00
1.9639439774388590e+00
1.9251970313598008e+00
1.8734699102342041e+00
1.1000000000000001e+00
1.2558022419875219e+00
1.1000000000000001e+00
1.5911089961569167e+00
1.1000000000000001e+00
1.1000000000000001e+00
1.7763754702613135e+00
1.1000000000000001e+00
1.9401382898518362e+00
1.1000000000000001e+00
1.5855572430565177e+00
1.1000000000000001e+00
1.5234753369630862e+00
1.1000000000000001e+00
1.1272450050836611e+00
1.1000000000000001e+00
2.0042184495770350e+00
1.1000000000000001e+00
1.2767872025141949e+00
1.1000000000000001e+00
1.1000000000000001e+00
1.5200878384037675e+00
1.1000000000000001e+00
2.0313920467006916e+00
1.1000000000000001e+00
1.9809511083959914e+00
1.1000000000000001e+00
1.2710549491750514e+00
1.1000000000000001e+00
1.1000000000000001e+00
1.8108619575563478e+00
1.1152635801807647e+00
1.7778294286373553e+00
1.1425250860659582e+00
1.4336685630545778e+00
1.1521808332003503e+00
1.1597048260391780e+00
1.1661745016391145e+00
1.1712108015053238e+00
1.1000000000000001e+00
1.8224300525618438e+00
1.5682627354563821e+00
1.6680269731879813e+00
1.7481864167267367e+00
1.1315893126176038e+00
1.1430673408025058e+00
1.1866663223982323e+00
1.1863187540243965e+00
1.2375535366831905e+00
1.1745915792032555e+00
1.4590500191860780e+00
1.2217814911510267e+00
1.8459425993112493e+00
1.6450197078716693e+00
1.2683952920568147e+00
1.6868308629565365e+00
1.1000000000000001e+00
1.1000000000000001e+00
1.3476153850807628e+00
1.4471771091228778e+00
1.2193649963175768e+00
2.0306440641934227e+00
1.1601671047759128e+00
1.3943115625069540e+00
1.6973245778937596e+00
1.1000000000000001e+00
1.2001523144050896e+00
1.4551556874738329e+00
1.2457826713018481e+00
1.2546005178110993e+00
1.2731032279787629e+00
1.2880887624399748e+00
1.8860533867173481e+00
1.3145666912627658e+00
1.3145764715319028e+00
1.3233720641177356e+00
1.3274558499500992e+00
1.3311679322639305e+00
1.2549988800506560e+00
1.3270911136839592e+00
1.7986335454528033e+00
2.0565530177063254e+00
1.4362814722295314e+00
1.3084698984324759e+00
1.2958498628742470e+00
1.2781170010279030e+00
1.2663610135732253e+00
1.7729773054988207e+00
1.2344369846341441e+00
1.2257873306577414e+00
1.2038407278102523e+00
1.8649465925934847e+00
1.1579646353518280e+00
2.0242151643006139e+00
1.1000000000000001e+00
1.1000000000000001e+00
1.9408817584896183e+00
1.1567824142708503e+00
1.1471464159397373e+00
1.2291943248711930e+00
1.3087481429925858e+00
1.1888384545224919e+00
1.4679171182846817e+00
1.3255874948427391e+00
1.3372719176825152e+00
1.1997537037499553e+00
1.3650258922865173e+00
1.5911299018636829e+00
1.3962924421856042e+00
1.3942373022272720e+00
1.4010052535699151e+00
1.6412515502481264e+00
1.3806214520999798e+00
1.3916214377741047e+00
1.3849892286118399e+00
1.3786035537914234e+00
1.3647545136315904e+00
1.1000000000000001e+00
1.3346798023200830e+00
1.5813945094253083e+00
1.2849006023729488e+00
1.2741611939134090e+00
1.2656415668139953e+00
1.2377007397459943e+00
1.4828284837732193e+00
1.6624363907845889e+00
1.4880109924504696e+00
1.6294803968854088e+00
1.9901612832000461e+00
1.6855128111820141e+00
1.7462743147716662e+00
1.2502669996491627e+00
1.3040929422150893e+00
1.8426142396674676e+00
1.3877428023161573e+00
1.7473685452178542e+00
1.4479527326758383e+00
1.2736527265745829e+00
1.5024856745866428e+00
1.5299833821108537e+00
1.5395295621037903e+00
1.6063403016598288e+00
1.5641117657533117e+00
1.3183629784981454e+00
1.5653160060909883e+00
1.5624165324164703e+00
1.6610768054069025e+00
1.5516134491614422e+00
1.5506064551007452e+00
1.4823060235669989e+00
1.5002474931696499e+00
1.4666006613282474e+00
1.5974438557790764e+00
1.4030421858743947e+00
1.3691409335114584e+00
1.4784040081052008e+00
1.3090161533833911e+00
1.2703166073681238e+00
1.2134089924274971e+00
1.7235994469778213e+00
1.8643369800566401e+00
1.1000000000000001e+00
1.3285265715916170e+00
2.0098168266845065e+00
1.2492386055151175e+00
1.3113730076393280e+00
1.3580929142242304e+00
1.2246123526683843e+00
1.4371395773064561e+00
1.4710655406382327e+00
1.4860748346118431e+00
1.5241164047448350e+00
1.5561037314943265e+00
1.5505514112918897e+00
1.4897433937226860e+00
1.5813686925657857e+00
1.5842569138476978e+00
1.5803121442814436e+00
1.5802358603036728e+00
1.8800190166351074e+00
1.5605531966158923e+00
1.5606640182443150e+00
2.0706138961979619e+00
1.5150649242744201e+00
1.8763097814945833e+00
1.4338078211465910e+00
1.4166003256508173e+00
1.3798233218315266e+00
1.4093236286288060e+00
1.3187205336386307e+00
1.2829644818781329e+00
1.2173823595945719e+00
1.4709844283491249e+00
1.1000000000000001e+00
2.0005227039886671e+00
1.3976496309124304e+00
1.2068192625162497e+00
1.2828378445552857e+00
1.9667038591251775e+00
1.1784756252459270e+00
1.3530227496479821e+00
1.5748587007610251e+00
1.1000000000000001e+00
1.1000000000000001e+00
1.3186287841223876e+00
1.5894919322252707e+00
1.2365344458354737e+00
1.6381398926474060e+00
1.6730860326187589e+00
1.2516117622241074e+00
1.6786861946778258e+00
1.2820484902681080e+00
1.2422106286419903e+00
1.1922382333104595e+00
1.5064256018904127e+00
1.1493250460572224e+00
2.0946764338870274e+00
1.8420554606297359e+00
1.5353458903737276e+00
1.2774129555370466e+00
1.4346543248965311e+00
1.4928494747927639e+00
1.3619197844799587e+00
1.3362044421208477e+00
1.2800376575500481e+00
1.1000000000000001e+00
1.4054724903594198e+00
1.1000000000000001e+00
1.9944340434503389e+00
1.2286361277503004e+00
1.3192990399818809e+00
1.4027487271809418e+00
1.4801025084566430e+00
1.1000000000000001e+00
1.5732757741138186e+00
1.6208702584598649e+00
1.6422076993191721e+00
1.1000000000000001e+00
1.7348868952889154e+00
1.9646958470294937e+00
1.1381687636296411e+00
1.1000000000000001e+00
1.4598903533350343e+00
1.7956342369072620e+00
1.7950376054217501e+00
2.0734519023611138e+00
1.8466837085097481e+00
1.7605413861328003e+00
1.8516913478503090e+00
1.6970902521768594e+00
1.6477296689746364e+00
1.6186598572007764e+00
1.6400692751044947e+00
1.6699695752033812e+00
1.6592608073570945e+00
1.4154100095463100e+00
1.3648227606028529e+00
1.2608719757719049e+00
1.5140650829518636e+00
1.1000000000000001e+00
1.3697261040290831e+00
1.1000000000000001e+00
1.2433385179600838e+00
1.3369168724094196e+00
1.4217261161402801e+00
1.1000000000000001e+00
1.2218534643992696e+00
1.7623203766713611e+00
1.7273292230323374e+00
1.1670652805119828e+00
1.1000000000000001e+00
1.3711832294869297e+00
1.7960550362370431e+00
2.0150440650539094e+00
1.8431062929831499e+00
1.8497446352351328e+00
1.1000000000000001e+00
1.8519413769612236e+00
2.0394114194911106e+00
1.8166220684437799e+00
1.8131562311874276e+00
1.7855113072814039e+00
1.7433680929101698e+00
1.6918282896256840e+00
1.6651908187781777e+00
1.6364722986362097e+00
1.5354164171110243e+00
1.3214857026065130e+00
1.7069561071791615e+00
1.3877447506298390e+00
1.2744488041635469e+00
1.3825017530834189e+00
1.8271339296506244e+00
1.1000000000000001e+00
1.8677776335131451e+00
1.2501709319945828e+00
1.7393338698958061e+00
1.3828445665017464e+00
1.5410922720800049e+00
1.5953750539055911e+00
1.6396952594739722e+00
1.4379706960730734e+00
1.7390428871251262e+00
1.1000000000000001e+00
1.8485957447458250e+00
1.8511186480231885e+00
1.4291643736988819e+00
1.6874575658603284e+00
1.7791710208217810e+00
1.4325574109195527e+00
1.8603365415374711e+00
1.1000000000000001e+00
1.8598696694588268e+00
1.8567798090171934e+00
1.4085003955601427e+00
1.1000000000000001e+00
1.7274268910313113e+00
1.6990606708795790e+00
1.4523814654438811e+00
1.2763506459508931e+00
1.5347493437172919e+00
1.1000000000000001e+00
1.4025163599107218e+00
1.2837514208127088e+00
1.6300839287287276e+00
1.1000000000000001e+00
1.9139165627186769e+00
1.3453602325143921e+00
1.2600574865898990e+00
1.3647456153977480e+00
1.4631102552186881e+00
1.5725562151277679e+00
1.6294401397327651e+00
1.2071408569035684e+00
1.7376473213694801e+00
1.1403814982200497e+00
1.4543973729822655e+00
1.6775714315136245e+00
1.5454989429850041e+00
1.9197663005343222e+00
1.9285857445878014e+00
1.9427909592764765e+00
1.9468593189782206e+00
1.9457235991381361e+00
1.9844850682655615e+00
2.0047886172107137e+00
1.9058958976774709e+00
1.8724540393106262e+00
1.5099584854308334e+00
1.7687572407495578e+00
1.7375712082707684e+00
1.9195059513379564e+00
1.5915661059880608e+00
1.1000000000000001e+00
1.4500969953046261e+00
1.4251355088500801e+00
1.1000000000000001e+00
1.7714569274295933e+00
1.1000000000000001e+00
1.1000000000000001e+00
1.9211326816518310e+00
1.2707087292119918e+00
1.3808264190885360e+00
1.7264594330021050e+00
1.6022205559562439e+00
1.7366244355837581e+00
1.7160433707850551e+00
1.7808945312233944e+00
1.8240048487660221e+00
1.2964492092103732e+00
1.9252997078208345e+00
1.9228604502161728e+00
1.9711930876360617e+00
1.9855668687898600e+00
1.6717489782421648e+00
2.0015058565966752e+00
2.0384887389022355e+00
1.6933486728965037e+00
1.9616576115417053e+00
1.9585380525451916e+00
1.9263046705225144e+00
1.1000000000000001e+00
1.8115999589746254e+00
1.7781537309470108e+00
1.6967594587897070e+00
1.6240429373601060e+00
1.5923454628958114e+00
1.2423268624530561e+00
1.4419949361681499e+00
1.3109643066435119e+00
1.9928233997839095e+00
1.1000000000000001e+00
1.5698619712391295e+00
1.1000000000000001e+00
1.9275970893276120e+00
1.3914416915286394e+00
1.7278786504950971e+00
1.6198955736298264e+00
1.3839164811296756e+00
1.7339254316266755e+00
1.8002951183752005e+00
1.5074159297085234e+00
1.3686408334624149e+00
1.4754357680344075e+00
1.3365969432282756e+00
1.3201479060997816e+00
1.2941147460854798e+00
1.5246146664062203e+00
1.8471672234688425e+00
2.0255505515454972e+00
1.2748034800606098e+00
1.9927842327292407e+00
1.9860933817808735e+00
1.9509955038424007e+00
1.4819881279280216e+00
1.8285015108002840e+00
1.7995042742105734e+00
1.3283188939130766e+00
1.6432208561570782e+00
2.0737307019399749e+00
1.3832264586412719e+00
1.4529393295570454e+00
2.0439000822982223e+00
1.2960656514038991e+00
2.0507371324649775e+00
1.1000000000000001e+00
1.6630000364266244e+00
1.2783733655558185e+00
1.8982533900325351e+00
1.2572039141372817e+00
1.6313368264055261e+00
1.2149674085534232e+00
1.7523619555898420e+00
1.7575270284320432e+00
1.8600922800119168e+00
1.9244700135283379e+00
1.7169975708621066e+00
1.6378057768191399e+00
1.6969575692224350e+00
2.0368430172944700e+00
1.9931729639234388e+00
2.0537559497542257e+00
1.2702761500367070e+00
1.1788681609022105e+00
1.1427673852973965e+00
1.7620329202301137e+00
1.6309126359096819e+00
1.1000000000000001e+00
1.2818897387141666e+00
1.8268774379191171e+00
1.1000000000000001e+00
1.1000000000000001e+00
1.8458472138488022e+00
1.5372087730943758e+00
1.4612729119695334e+00
1.3249886768283119e+00
1.8803604063708648e+00
1.1000000000000001e+00
1.1000000000000001e+00
1.4256900279763325e+00
1.8582848382318624e+00
1.4049228777565879e+00
1.5212051010811802e+00
1.6460380167662838e+00
1.7162839657449589e+00
1.7232307045989717e+00
1.8401890663800371e+00
1.1812347652572270e+00
1.9537834631680757e+00
1.9993525953452529e+00
2.0081039010839197e+00
2.0635062765303558e+00
1.2162462368651301e+00
1.8925052178915720e+00
2.0892102435868973e+00
2.0806749133367020e+00
2.0710442978489563e+00
1.8324891889239538e+00
2.0357087170496846e+00
1.9940985752486931e+00
1.7024885834546841e+00
1.8755955726300262e+00
1.8409753541227465e+00
1.7447602114333840e+00
1.6698590449811530e+00
1.6354763636513792e+00
1.5499134401990740e+00
1.4758539903899281e+00
1.3270253844742668e+00
1.1334702958468701e+00
1.9396396940748604e+00
1.1000000000000001e+00
1.1560804366330388e+00
1.2836768787483712e+00
1.5872823105842770e+00
1.5239717075156571e+00
1.6494450374046394e+00
1.7191986067998122e+00
1.7747341551685114e+00
1.8121265585043125e+00
1.1585281740542857e+00
1.5510587577297645e+00
1.1794035979967563e+00
2.0207405390465381e+00
2.0687437966122317e+00
2.0733024916252383e+00
1.4777736138010260e+00
2.0927141139891887e+00
1.1000000000000001e+00
2.0785644051563410e+00
2.0436833004369124e+00
2.0423927608822980e+00
1.9975404987357348e+00
1.1978673402147806e+00
1.8750293924300234e+00
1.2143726794843894e+00
2.0579848751018521e+00
1.6727659282401699e+00
1.6390185055349629e+00
1.8687470893452480e+00
1.4770245367190058e+00
1.3312128953165945e+00
1.9829277478809932e+00
1.1000000000000001e+00
1.1000000000000001e+00
1.6923773489254266e+00
1.2382558649802275e+00
1.2344431842268886e+00
1.2477187232486846e+00
1.7210473924989633e+00
1.2417367915928763e+00
1.2728427293859796e+00
1.8472066122728572e+00
1.5311367821911905e+00
1.9656704253462991e+00
2.0099799869240331e+00
1.5436219157890445e+00
1.7482531817344917e+00
1.8851267528095588e+00
1.2688105521632449e+00
1.6736807479497600e+00
1.2706820961992804e+00
1.7159826158647697e+00
2.0500441690578168e+00
2.0471204946817747e+00
2.0035423784177109e+00
1.9429866883679867e+00
