1.1000000000000001e+00
1.7713617604718355e+00
1.1000000000000001e+00
1.9149171357941774e+00
1.1000000000000001e+00
1.1000000000000001e+00
1.9937079266770810e+00
1.7909380672556543e+00
1.1000000000000001e+00
1.1000000000000001e+00
1.3997780899637795e+00
1.4504274965229804e+00
1.1000000000000001e+00
1.3994530595880290e+00
1.3268808678887134e+00
1.1000000000000001e+00
1.1000000000000001e+00
1.5872650923415006e+00
1.2906530800614893e+00
1.7587609955014814e+00
1.1000000000000001e+00
1.2057281640862683e+00
1.2183898664010364e+00
1.2308147942391543e+00
1.1000000000000001e+00
1.8736828325803789e+00
1.2434360852603037e+00
1.2302954073333905e+00
1.1000000000000001e+00
1.2027325743598785e+00
1.1973265884086914e+00
1.1000000000000001e+00
1.5285197012118730e+00
1.8380015663821547e+00
1.6157946345895531e+00
1.1645502453346750e+00
1.2732013924940553e+00
1.3464696242436833e+00
1.3586876468347915e+00
1.2510582875257099e+00
1.4200677093502971e+00
1.7360334114268581e+00
1.4516667763756792e+00
1.9150683862153528e+00
1.4187969128921347e+00
1.1000000000000001e+00
1.3513582652655627e+00
1.3381313091690452e+00
1.5698641981301904e+00
1.2078907008366937e+00
1.8959609137256035e+00
1.1000000000000001e+00
1.2104454580355968e+00
1.3963475510779086e+00
1.1000000000000001e+00
1.5426145167177483e+00
1.5410659849346984e+00
1.6476357925259284e+00
1.7064132563255170e+00
1.5350525106806265e+00
1.4365286955918712e+00
1.1000000000000001e+00
1.4626327981029568e+00
1.5300739461849160e+00
1.5074426267077785e+00
1.4067075862038472e+00
1.1000000000000001e+00
1.2643804193854389e+00
2.0873186559219987e+00
1.5670566844011766e+00
1.4840478978428695e+00
2.0893392991630506e+00
1.6736007403533439e+00
1.4989856196902482e+00
1.8097017476206672e+00
1.8735255677160576e+00
1.8797679006125398e+00
1.5477382516888261e+00
1.8068839486335129e+00
1.6155868760148011e+00
1.6573489450091055e+00
1.6280201699306840e+00
1.6439882897303932e+00
1.3392313148091359e+00
1.1000000000000001e+00
1.9383825525170830e+00
1.8071427462087386e+00
1.5257586967140000e+00
1.3780400032385514e+00
1.7129298442540071e+00
1.7863325680679667e+00
1.8583626572168810e+00
1.9265625763569179e+00
1.6013581031902000e+00
1.9315311077119213e+00
1.7086671302555434e+00
1.8060954114453140e+00
1.6955637397698045e+00
1.6642240285799201e+00
1.4374038019561834e+00
1.3556342804514483e+00
1.7730630083723655e+00
1.3747490510589540e+00
1.5006164834494204e+00
1.5558420339084984e+00
1.6328594320278682e+00
1.1000000000000001e+00
1.8623642458404510e+00
1.9548802665891207e+00
1.1000000000000001e+00
1.1000000000000001e+00
1.6539752607439770e+00
1.7074239782612357e+00
1.6517757580178443e+00
1.7615400790285138e+00
1.7267285657800739e+00
1.7091347702998085e+00
1.9883678788848480e+00
1.8335918889947376e+00
1.1000000000000001e+00
1.2811602263307611e+00
1.5860896082167317e+00
1.6682175255496721e+00
1.8260067317573552e+00
1.7400963597601433e+00
1.9982698418331286e+00
1.4878184457022283e+00
1.3710682168456110e+00
1.7037945228460605e+00
1.9947033523056694e+00
1.9363600284404427e+00
1.9118322396497864e+00
1.7683153819452777e+00
1.4996500314629821e+00
1.2357412230190981e+00
1.1000000000000001e+00
1.1000000000000001e+00
1.2826204526792016e+00
1.5900076914958130e+00
1.1000000000000001e+00
1.8318586462770559e+00
1.9195039430220950e+00
1.9514860509803684e+00
2.0869432429613575e+00
2.0949078514108095e+00
2.0928758348648948e+00
2.0019150313565079e+00
1.9431014361713059e+00
1.8111229391842103e+00
1.7737022803255145e+00
1.5028713760037633e+00
