1.1000000000000001e+00
1.7637571594068318e+00
1.1000000000000001e+00
1.8949439781934472e+00
1.1000000000000001e+00
1.1000000000000001e+00
1.9644821168744309e+00
1.7633936681873201e+00
1.1000000000000001e+00
1.1000000000000001e+00
1.3772858372150287e+00
1.4357067035981061e+00
1.1000000000000001e+00
1.3873095503575805e+00
1.3207950693364157e+00
1.1000000000000001e+00
1.1000000000000001e+00
1.5849819569968651e+00
1.2864924792011094e+00
1.7320544037279630e+00
1.1000000000000001e+00
1.2090429069137709e+00
1.2205668103584399e+00
1.2342634834379236e+00
1.1000000000000001e+00
1.8485887261536371e+00
1.2367411470559759e+00
1.2148579798818593e+00
1.1000000000000001e+00
1.2092643587599481e+00
1.2107365557836203e+00
1.1000000000000001e+00
1.5171412991225075e+00
1.8217381558849042e+00
1.5993750013880235e+00
1.1687439221070544e+00
1.2596105226437484e+00
1.3445760199037546e+00
1.3506671668178560e+00
1.2618132702072655e+00
1.4159019413077407e+00
1.7114804504001995e+00
1.4370585829499203e+00
1.8914999936798664e+00
1.4098364871361517e+00
1.1000000000000001e+00
1.3457960812641538e+00
1.3404267504389229e+00
1.5602008981858417e+00
1.2046576849230697e+00
1.8836035850057007e+00
1.1000000000000001e+00
1.2200867816148595e+00
1.3912444652332019e+00
1.1000000000000001e+00
1.5330902229867431e+00
1.5222035923906467e+00
1.6253764816299647e+00
1.6891369652190500e+00
1.5252800500506010e+00
1.4362239063046247e+00
1.1000000000000001e+00
1.4609594678645998e+00
1.5153101579067343e+00
1.4946033184714245e+00
1.3933610345978165e+00
1.1000000000000001e+00
1.2570796332237515e+00
2.0755806488757145e+00
1.5622826266557466e+00
1.4775084050224225e+00
2.0840641772733397e+00
1.6586442577219305e+00
1.4905420782662102e+00
1.7961311877778425e+00
1.8678617491577314e+00
1.8566282370216447e+00
1.5377446142822060e+00
1.8081844162915852e+00
1.5956598737014183e+00
1.6495249433773216e+00
1.6200855520878485e+00
1.6220505827323020e+00
1.3498877816591695e+00
1.1000000000000001e+00
1.9142707144739517e+00
1.7828818615287820e+00
1.5076714988300530e+00
1.3677299491040005e+00
1.6951519180913868e+00
1.7592300689303897e+00
1.8293928511071615e+00
1.9479148462346736e+00
1.5916568337148089e+00
1.9292935000572298e+00
1.6886198728524195e+00
1.7954752267551952e+00
1.6839057282883216e+00
1.6506545650911677e+00
1.4341053844295522e+00
1.3517606022542110e+00
1.7574999118699535e+00
1.3692058399744762e+00
1.4791936979654505e+00
1.5443567936961833e+00
1.6206846541329358e+00
1.1000000000000001e+00
1.8375510565896107e+00
1.9268138206913792e+00
1.1000000000000001e+00
1.1000000000000001e+00
1.6433855153290067e+00
1.6843984179604716e+00
1.6446422125990876e+00
1.7345802384831335e+00
1.7001606906976932e+00
1.6879812939590682e+00
1.9720195067016486e+00
1.8237202050026449e+00
1.1000000000000001e+00
1.2845633977180297e+00
1.5851489366345870e+00
1.6604722363367506e+00
1.8218982122800385e+00
1.7334939174374406e+00
1.9723796745445199e+00
1.4803490499537746e+00
1.3786906539734729e+00
1.6967858102804592e+00
1.9895697256724965e+00
1.9187841203112028e+00
1.8852289238346818e+00
1.7535962175807389e+00
1.4838933848117899e+00
1.2192824716741890e+00
1.1000000000000001e+00
1.1000000000000001e+00
1.2824969115229257e+00
1.5905557889834330e+00
1.1000000000000001e+00
1.8198406925675978e+00
1.8998428779914349e+00
1.9221369624422764e+00
2.0683835210073811e+00
2.0663010802025217e+00
2.0621738762292607e+00
1.9793617047020489e+00
1.9201794043198470e+00
1.7948081660936770e+00
1.7695177692104473e+00
1.4861959730186700e+00
