1.1000000000000001e+00
1.1000000000000001e+00
1.1000000000000001e+00
1.5083108472789890e+00
1.1000000000000001e+00
1.1000000000000001e+00
1.3812994454263281e+00
1.5889738250983476e+00
1.1000000000000001e+00
1.1000000000000001e+00
1.5909074482216223e+00
1.4924554489333099e+00
1.1000000000000001e+00
1.3785884377324060e+00
1.4128911374157704e+00
1.2786917984397277e+00
1.2451036912288036e+00
1.9071829192438072e+00
1.4995750067653892e+00
1.5058329365642389e+00
1.5628286108789264e+00
1.8788625174454827e+00
1.7692555157992920e+00
1.7183243622353841e+00
1.1000000000000001e+00
1.3804215237600133e+00
1.1000000000000001e+00
1.1000000000000001e+00
1.5895095005514097e+00
1.6703317915715774e+00
1.9083311165314594e+00
1.9258744712161258e+00
1.3377500002317702e+00
1.6687795827789109e+00
1.1000000000000001e+00
1.7625668952127163e+00
1.1000000000000001e+00
1.6230848219394951e+00
1.7131559725628094e+00
1.9097834097466602e+00
1.9891523397801727e+00
1.6746286293589649e+00
1.6987564703929308e+00
1.4473055852592829e+00
