1.1961046668499642e+00
1.5096000000000001e+00
1.5037005964767942e+00
1.8133435763500358e+00
1.2698180467232056e+00
1.4010267210279184e+00
1.9162801589720821e+00
1.9162801589720819e+00
1.4010267210279184e+00
1.3729574400000002e+00
1.8401659950817071e+00
1.3729574400000000e+00
1.2006608849182931e+00
1.9162801589720819e+00
1.8239007194860410e+00
1.7072320000000003e+00
1.5662740005139593e+00
1.4010267210279184e+00
1.4132099272752541e+00
1.4172709960243659e+00
1.4132099272752541e+00
1.4010267210279184e+00
1.5662740005139593e+00
1.7072320000000003e+00
1.8239007194860410e+00
1.8531985563623734e+00
1.8629645019878174e+00
1.7400000000000002e+00
1.7318080000000000e+00
1.5851451236376271e+00
1.5914354980121830e+00
1.5851451236376271e+00
1.7318080000000002e+00
1.8531985563623734e+00
1.9493167927247463e+00
2.0561142857142860e+00
2.0001679412244897e+00
2.0001679412244902e+00
1.4376990681309034e+00
1.7105677715910086e+00
1.8912882118022623e+00
1.9508640298189828e+00
1.8912882118022631e+00
1.7105677715910088e+00
1.3729574400000000e+00
1.3420724918403257e+00
1.3030581758709663e+00
1.2559213769173445e+00
1.2006608849182931e+00
1.3729574399999998e+00
1.8401659950817071e+00
1.9162801589720821e+00
1.4010267210279181e+00
1.4172709960243655e+00
1.4010267210279181e+00
1.9162801589720817e+00
1.9603290039756343e+00
1.8133435763500358e+00
1.5095999999999998e+00
1.2698180467232056e+00
1.1961046668499642e+00
1.5037005964767940e+00
1.1000000000000001e+00
1.1000000000000001e+00
1.1000000000000001e+00
1.1000000000000001e+00
1.1000000000000001e+00
