1.2411977457079975e+00
1.4628813352672692e+00
1.4559361259822918e+00
1.7926601672327693e+00
1.2808818351839351e+00
1.3841379373401688e+00
1.8672056802385915e+00
1.8867444727366034e+00
1.3745712072599234e+00
1.3603097102219781e+00
1.8144659943881438e+00
1.3576792956830006e+00
1.2515984329143610e+00
1.8809755017676182e+00
1.7822407414844337e+00
1.6531884748218162e+00
1.5144823009839825e+00
1.3639128984016686e+00
1.3773490808651323e+00
1.3841175082803350e+00
1.3829798732314080e+00
1.3745013386628016e+00
1.5244912495655922e+00
1.6561283272904312e+00
1.7701631268495965e+00
1.7955442511202551e+00
1.8041736640027968e+00
1.6959965975037707e+00
1.6951309015793603e+00
1.5523077170021413e+00
1.5491249190871104e+00
1.5468371355482475e+00
1.6879740888768213e+00
1.8116038177593023e+00
1.9062836324824683e+00
2.0266462250579993e+00
1.9665127830389524e+00
1.9707960448473751e+00
1.3935503567186258e+00
1.6609130722825578e+00
1.8455713894582173e+00
1.8934800656061728e+00
1.8431928087785943e+00
1.6548127604454106e+00
1.3580384842122308e+00
1.3376188335529093e+00
1.3116277210086591e+00
1.2785476397183606e+00
1.2439736654058353e+00
1.3574892540804073e+00
1.8116573956586075e+00
1.8760320570134126e+00
1.3737111389654943e+00
1.3791024319901053e+00
1.3852584626259918e+00
1.8726892346757307e+00
1.9073636532708012e+00
1.7643595155301093e+00
1.4957505361454022e+00
1.2789204490130857e+00
1.2444709393947881e+00
1.4643303061640287e+00
1.1000000000000001e+00
1.1000000000000001e+00
1.1000000000000001e+00
1.1000000000000001e+00
1.1000000000000001e+00
