1.1961046668499642e+00
1.5096000000000001e+00
1.5037005964767942e+00
1.8133435763500358e+00
1.2698180467232056e+00
1.4374570258638877e+00
1.9162801589720821e+00
1.9162801589720819e+00
1.4010267210279186e+00
1.3703792152037022e+00
1.8331747428121363e+00
1.3880971180594297e+00
1.2062440754363470e+00
1.9162801589720821e+00
1.8239007194860413e+00
1.7072320000000003e+00
1.5662740005139595e+00
1.4010267210279184e+00
1.4132099272752541e+00
1.4172709960243659e+00
1.4132099272752541e+00
1.4010267210279184e+00
1.5662740005139593e+00
1.7072320000000003e+00
1.8239007194860410e+00
1.8531985563623734e+00
1.8629645019878174e+00
1.7462747478449439e+00
1.7372165856802704e+00
1.5771346404337814e+00
1.5839172054902424e+00
1.5771346404337814e+00
1.7310297844612956e+00
1.8522708206890499e+00
1.9482706655383524e+00
2.0361698379885738e+00
2.0261249984064751e+00
2.0109354567622444e+00
2.0109354567622444e+00
2.0261249984064751e+00
1.3797791732165550e+00
1.6096216043402882e+00
1.6274152265580373e+00
1.8074932845705478e+00
1.9536714436590823e+00
1.9227415004465329e+00
1.9536714436590823e+00
1.8074932845705480e+00
1.6274152265580375e+00
1.6096216043402880e+00
1.3729574400000002e+00
1.3702340241993642e+00
1.3252103805312700e+00
1.2703404019263504e+00
1.2006608849182931e+00
1.3729574400000000e+00
1.8401659950817071e+00
1.9162801589720821e+00
1.4010267210279181e+00
1.4515072370503894e+00
1.4010267210279181e+00
1.9162801589720817e+00
1.9440922453752962e+00
1.8133435763500358e+00
1.5095999999999998e+00
1.2698180467232056e+00
1.1961046668499642e+00
1.5037005964767940e+00
1.1000000000000001e+00
1.1000000000000001e+00
1.1000000000000001e+00
1.1000000000000001e+00
1.1000000000000001e+00
