1.2411977611917366e+00
1.4631589411935062e+00
1.4564237542536076e+00
1.7934302002205733e+00
1.2807345821460243e+00
1.4183938348269458e+00
1.8650218404633556e+00
1.8784103424493379e+00
1.3754034507187045e+00
1.3570796774653722e+00
1.8101501139984584e+00
1.3701220223132182e+00
1.2564479853339765e+00
1.8818487536216955e+00
1.7833670690864287e+00
1.6541237562503930e+00
1.5151922870989576e+00
1.3643372714834476e+00
1.3778194759508386e+00
1.3843430793669271e+00
1.3827552819247730e+00
1.3737505245724437e+00
1.5233235285857165e+00
1.6544645276477254e+00
1.7680153378601990e+00
1.7902016010312340e+00
1.8124775883137847e+00
1.7052421532206223e+00
1.7044738731280096e+00
1.5485500147668150e+00
1.5467120757412622e+00
1.5397974586974656e+00
1.6927812539218858e+00
1.8163305403780166e+00
1.9096053438979805e+00
1.9899918026039898e+00
1.9696353261453954e+00
1.9702396004363589e+00
1.9736478315530250e+00
1.9831253212140174e+00
1.3421632840502131e+00
1.5568741814902314e+00
1.5839433899771638e+00
1.7543021439698092e+00
1.9125393699628321e+00
1.8633964491885364e+00
1.9098248969648601e+00
1.7490588905708473e+00
1.5783478936278117e+00
1.5520865072199563e+00
1.3569222673297407e+00
1.3573095855095860e+00
1.3286862445799679e+00
1.2904025609719203e+00
1.2447662974583116e+00
1.3605409657975684e+00
1.8059999634146013e+00
1.8782139296190534e+00
1.3743203356795191e+00
1.4089523749022046e+00
1.3818970052510720e+00
1.8748802770981847e+00
1.8835840849892462e+00
1.7645299100048559e+00
1.4961101536196115e+00
1.2787026179315479e+00
1.2444749674421052e+00
1.4657895959164604e+00
1.1000000000000001e+00
1.1000000000000001e+00
1.1000000000000001e+00
1.1000000000000001e+00
1.1000000000000001e+00
