1.1961046668499644e+00
1.3865855867699304e+00
1.3865855867699304e+00
1.6064000132300698e+00
1.5037005964767944e+00
1.8133435763500358e+00
1.2698180467232056e+00
1.4732896064027856e+00
1.9162801589720821e+00
1.9162801589720819e+00
1.4010267210279186e+00
1.3677280936689693e+00
1.8259858198473031e+00
1.4030391254235965e+00
1.2117543692159660e+00
1.9162801589720821e+00
1.8239007194860413e+00
1.7072320000000003e+00
1.5662740005139595e+00
1.4010267210279184e+00
1.4132099272752541e+00
1.4172709960243659e+00
1.4132099272752541e+00
1.4010267210279184e+00
1.5662740005139593e+00
1.7072320000000003e+00
1.8239007194860410e+00
1.8531985563623734e+00
1.8629645019878174e+00
1.7524943298943454e+00
1.7425195907702762e+00
1.5690618377465129e+00
1.5763437471727590e+00
1.5690618377465129e+00
1.7302162628134443e+00
1.8513009954720041e+00
1.9471770776180264e+00
2.0295159805711274e+00
2.0278327239420602e+00
2.0204985538572551e+00
2.0158637299073257e+00
2.0158637299073252e+00
2.0204985538572551e+00
2.0278327239420602e+00
1.3581666397484544e+00
1.5737481770957060e+00
1.5060844094856429e+00
1.7014995390883723e+00
1.7721317077718584e+00
1.8479399193742059e+00
1.9726853180917676e+00
1.9119389884180757e+00
1.9726853180917678e+00
1.8479399193742061e+00
1.7721317077718584e+00
1.7014995390883723e+00
1.5060844094856427e+00
1.5737481770957060e+00
1.3729574400000002e+00
1.3980299375445302e+00
1.3467908385161480e+00
1.2838028554058567e+00
1.2006608849182931e+00
1.3729574399999998e+00
1.8401659950817071e+00
1.9162801589720821e+00
1.4010267210279181e+00
1.4847685151480445e+00
1.4010267210279181e+00
1.9162801589720817e+00
1.9267940675550146e+00
1.8133435763500358e+00
1.6064000132300698e+00
1.6064000132300698e+00
1.3865855867699302e+00
1.2698180467232056e+00
1.1961046668499642e+00
1.5037005964767940e+00
1.1000000000000001e+00
1.1000000000000001e+00
1.1000000000000001e+00
1.1000000000000001e+00
1.1000000000000001e+00
