1.2300197850201309e+00
1.3821130810812376e+00
1.3757549412988068e+00
1.5491313491396761e+00
1.4651369137847619e+00
1.7978741058934808e+00
1.2800668783655589e+00
1.4514866685666943e+00
1.8671448410203522e+00
1.8808057905710627e+00
1.3759035401800546e+00
1.3559162063180352e+00
1.8038016672696529e+00
1.3826468512399461e+00
1.2614950816269550e+00
1.8831726489216174e+00
1.7866742447688397e+00
1.6582697176740560e+00
1.5197351245748134e+00
1.3639127975753074e+00
1.3785260219318967e+00
1.3853430183489588e+00
1.3835753824143895e+00
1.3743828255623498e+00
1.5240577755319369e+00
1.6551822600274544e+00
1.7684976930887069e+00
1.7909551396898316e+00
1.8143407102479547e+00
1.7148082594100629e+00
1.7140599633692217e+00
1.5440206064299478e+00
1.5423529633618995e+00
1.5356811177745258e+00
1.6964101007619299e+00
1.8196468238538581e+00
1.9139326066198099e+00
1.9851160430179089e+00
1.9755983811674633e+00
1.9563281843944877e+00
1.9762950315162477e+00
1.9763216490803552e+00
1.9695868173348150e+00
1.9820070179431299e+00
1.3228755594463895e+00
1.5174559902850651e+00
1.4679401850730891e+00
1.6422772169827637e+00
1.7275348864657645e+00
1.7857188791180589e+00
1.9310504307760625e+00
1.8516003303417612e+00
1.9277309247165151e+00
1.7855567866281110e+00
1.7176134645295873e+00
1.6404649217754059e+00
1.4559692062661072e+00
1.5134661456500866e+00
1.3576160393247521e+00
1.3799833674063964e+00
1.3435508430466321e+00
1.2992195482734854e+00
1.2451879380476298e+00
1.3608599306052067e+00
1.8056779365548161e+00
1.8789078265919739e+00
1.3743627504791942e+00
1.4387036686641295e+00
1.3798718822188274e+00
1.8799512411828379e+00
1.8699462535700060e+00
1.7677472991145837e+00
1.5658463180808599e+00
1.5681669011107027e+00
1.3640001498578855e+00
1.2804738563736244e+00
1.2424152035313480e+00
1.4648772040938280e+00
1.1000000000000001e+00
1.1000000000000001e+00
1.1000000000000001e+00
1.1000000000000001e+00
1.1000000000000001e+00
