1.1961046668499644e+00
1.3865855867699304e+00
1.3865855867699304e+00
1.6064000132300698e+00
1.5037005964767944e+00
1.8133435763500358e+00
1.2698180467232056e+00
1.5084076432638578e+00
1.9162801589720821e+00
1.9162801589720819e+00
1.4010267210279186e+00
1.3650040756128985e+00
1.8185992267758988e+00
1.4177834609407047e+00
1.2171917658323921e+00
1.9162801589720821e+00
1.8239007194860413e+00
1.7072320000000003e+00
1.5662740005139595e+00
1.4010267210279184e+00
1.4132099272752541e+00
1.4172709960243659e+00
1.4132099272752541e+00
1.4010267210279184e+00
1.5662740005139593e+00
1.7072320000000003e+00
1.8239007194860410e+00
1.8531985563623734e+00
1.8629645019878174e+00
1.7586587456655729e+00
1.7477161959092515e+00
1.5609281799736987e+00
1.5687151236618559e+00
1.5609281799736987e+00
1.7293674351245900e+00
1.8502890807924726e+00
1.9460360290553718e+00
2.0266151382429247e+00
2.0268763039476276e+00
2.0228486057197905e+00
2.0208405684228019e+00
2.0181583899405107e+00
2.0181583899405107e+00
2.0208405684228019e+00
2.0228486057197905e+00
2.0268763039476281e+00
1.3489693317207681e+00
1.5581868719559866e+00
1.4451828843777101e+00
1.6439905546984384e+00
1.6477801741721150e+00
1.7651648393553909e+00
1.8486664724585435e+00
1.8671805995531272e+00
1.9809998712526520e+00
1.9072941118182150e+00
1.9809998712526522e+00
1.8671805995531270e+00
1.8486664724585435e+00
1.7651648393553914e+00
1.6477801741721150e+00
1.6439905546984384e+00
1.4451828843777101e+00
1.5581868719559866e+00
1.3729574400000002e+00
1.4254355676439736e+00
1.3677948097810391e+00
1.2963202778177532e+00
1.2006608849182931e+00
1.3729574400000000e+00
1.8401659950817071e+00
1.9162801589720821e+00
1.4010267210279181e+00
1.5170335988767321e+00
1.4010267210279181e+00
1.9162801589720817e+00
1.9084466196723895e+00
1.8133435763500358e+00
1.6064000132300698e+00
1.6064000132300698e+00
1.3865855867699302e+00
1.2698180467232056e+00
1.1961046668499642e+00
1.5037005964767940e+00
1.1000000000000001e+00
1.1000000000000001e+00
1.1000000000000001e+00
1.1000000000000001e+00
1.1000000000000001e+00
