1.2301375117871123e+00
1.3806657650673049e+00
1.3741866049101532e+00
1.5451535482278607e+00
1.4628746687698890e+00
1.7884990521270696e+00
1.2811147904227354e+00
1.4734361050745819e+00
1.8831950215413322e+00
1.8772916525372843e+00
1.3748477570134821e+00
1.3535951987758301e+00
1.7984270296672193e+00
1.3952764531550488e+00
1.2662158285909548e+00
1.8857114543122941e+00
1.7814435280858061e+00
1.6540235491625299e+00
1.5170554160476748e+00
1.3626161869679756e+00
1.3778431854106152e+00
1.3851604356107554e+00
1.3837193451819689e+00
1.3746564656318214e+00
1.5239616924880997e+00
1.6547110379800805e+00
1.7674723534004670e+00
1.7902029479034585e+00
1.8158323757639954e+00
1.7221239605479768e+00
1.7220284665611203e+00
1.5382743053198704e+00
1.5358756908045532e+00
1.5282779582181485e+00
1.6963986620339142e+00
1.8186859890221758e+00
1.9090320285736033e+00
1.9794435958516912e+00
1.9853644820590512e+00
1.9624212836426471e+00
1.9741352254047335e+00
1.9799079588181663e+00
1.9770020957667593e+00
1.9735238729289866e+00
1.9699335902740767e+00
1.9819716419889823e+00
1.3149375534977086e+00
1.5002286995385086e+00
1.4024026450703271e+00
1.5845272159863240e+00
1.6044466614431900e+00
1.7047053469316742e+00
1.8088442602765735e+00
1.8033704308007228e+00
1.9327166378595499e+00
1.8439970228645333e+00
1.9309477053499871e+00
1.8015684636955249e+00
1.8048352795388827e+00
1.7008068949424224e+00
1.5947724615273271e+00
1.5816288587140774e+00
1.4022940948897196e+00
1.4999683420877294e+00
1.3581553184061377e+00
1.4015777922870301e+00
1.3556166778210024e+00
1.3072101466974579e+00
1.2473519485951294e+00
1.3614543669683401e+00
1.8042069654293911e+00
1.8784129245757377e+00
1.3747056497354266e+00
1.4689782155230904e+00
1.3798794962868761e+00
1.8803019574489623e+00
1.8526566827157378e+00
1.7669536690927585e+00
1.5644792658439317e+00
1.5676340100559558e+00
1.3633356316940093e+00
1.2804433471881143e+00
1.2421862856525530e+00
1.4619593234493484e+00
1.1000000000000001e+00
1.1000000000000001e+00
1.1000000000000001e+00
1.1000000000000001e+00
1.1000000000000001e+00
