1.1961046668499644e+00
1.3397553630157897e+00
1.3312437181396384e+00
1.5096000000000001e+00
1.4337756962799564e+00
1.6328412739982627e+00
1.5037005964767944e+00
1.8133435763500358e+00
1.2698180467232056e+00
1.5426993958737591e+00
1.9162801589720817e+00
1.9162801589720817e+00
1.4010267210279181e+00
1.3622071603841988e+00
1.8110149618318485e+00
1.4323301280661422e+00
1.2225562665598988e+00
1.9162801589720821e+00
1.8239007194860413e+00
1.7072320000000003e+00
1.5662740005139595e+00
1.4010267210279184e+00
1.4132099272752541e+00
1.4172709960243659e+00
1.4132099272752541e+00
1.4010267210279184e+00
1.5662740005139593e+00
1.7072320000000003e+00
1.8239007194860410e+00
1.8531985563623734e+00
1.8629645019878174e+00
1.7647679966065208e+00
1.7528056016139497e+00
1.5527351472047015e+00
1.5610313331511654e+00
1.5527351472047017e+00
1.7284833011902994e+00
1.8492350764067438e+00
1.9448475195755761e+00
2.0251092682138658e+00
2.0258068163762868e+00
2.0240482625087721e+00
2.0216567993929884e+00
2.0214639502010625e+00
2.0193804142729950e+00
2.0193804142729945e+00
2.0214639502010625e+00
2.0216567993929884e+00
2.0240482625087726e+00
2.0258068163762868e+00
1.3442446406923718e+00
1.5501237434733137e+00
1.4111884649822208e+00
1.6108450059875019e+00
1.5667066770261520e+00
1.7061608140039244e+00
1.7404208663544507e+00
1.8041943465838655e+00
1.8925163288982860e+00
1.8775534330676589e+00
1.9853224273551007e+00
1.9048971845468630e+00
1.9853224273551007e+00
1.8775534330676589e+00
1.8925163288982860e+00
1.8041943465838659e+00
1.7404208663544507e+00
1.7061608140039244e+00
1.5667066770261524e+00
1.6108450059875021e+00
1.4111884649822213e+00
1.5501237434733139e+00
1.3729574400000002e+00
1.4524325292883218e+00
1.3882222992135103e+00
1.3079076464969892e+00
1.2006608849182931e+00
1.3729574399999998e+00
1.8401659950817069e+00
1.9162801589720821e+00
1.4010267210279181e+00
1.5482824354007401e+00
1.4010267210279181e+00
1.9162801589720817e+00
1.8890632135633629e+00
1.8133435763500358e+00
1.6328412605953215e+00
1.6897854634388338e+00
1.5095999999999998e+00
1.5086102789214324e+00
1.3397553371128481e+00
1.2698180467232056e+00
1.1961046668499642e+00
1.5037005964767940e+00
1.1000000000000001e+00
1.1000000000000001e+00
1.1000000000000001e+00
1.1000000000000001e+00
1.1000000000000001e+00
