1.2272590964490206e+00
1.3432982633289101e+00
1.3314326604069970e+00
1.4635964401092925e+00
1.4049486837595608e+00
1.5752531845621922e+00
1.4679034093421617e+00
1.7855442862049293e+00
1.2810345331527537e+00
1.5032190423564793e+00
1.8829764773767528e+00
1.8864388688392952e+00
1.3737791910591377e+00
1.3546533107620919e+00
1.7811367016196289e+00
1.4051308644715985e+00
1.2707367428840393e+00
1.8826274765378208e+00
1.7797734438470623e+00
1.6542259251848612e+00
1.5189205106326329e+00
1.3625962455598115e+00
1.3781570417426809e+00
1.3858253224912007e+00
1.3846112690858601e+00
1.3755366374402571e+00
1.5249490273097961e+00
1.6560613772456119e+00
1.7709098002027199e+00
1.7891244853567023e+00
1.8147123780030638e+00
1.7299160730194463e+00
1.7311970806201282e+00
1.5339395625587342e+00
1.5304744341754886e+00
1.5218223656593783e+00
1.6970932985206815e+00
1.8186326424952446e+00
1.9108683145287080e+00
1.9765508824248630e+00
1.9803806125630652e+00
1.9696481474989758e+00
1.9630879258916247e+00
1.9782944078477467e+00
1.9768162672106768e+00
1.9686071943444423e+00
1.9790980944708054e+00
1.9702369153492398e+00
1.9755149823642193e+00
1.9792680509268539e+00
1.3106723577457482e+00
1.4913815943723223e+00
1.3704720471301972e+00
1.5510265033117503e+00
1.5230381695007669e+00
1.6438188946169381e+00
1.6923138917119198e+00
1.7404128681091993e+00
1.8527334388670837e+00
1.8129236240625652e+00
1.9387334942905692e+00
1.8382481741542691e+00
1.9372449887666896e+00
1.8107714227505034e+00
1.8463102316189175e+00
1.7364025218728893e+00
1.6835308913445450e+00
1.6403274614255796e+00
1.5195211104426136e+00
1.5497786644126061e+00
1.3714996277177451e+00
1.4913181874344956e+00
1.3590642522529848e+00
1.4245945831370108e+00
1.3713770411719091e+00
1.3143714037705818e+00
1.2467474319514524e+00
1.3620827864291607e+00
1.8016240288291605e+00
1.8754886138195903e+00
1.3752649779069843e+00
1.4991372236712823e+00
1.3812124099135741e+00
1.8775247592135700e+00
1.8339561034881384e+00
1.7644182491917864e+00
1.5889885289378318e+00
1.6460681663912604e+00
1.4672578923114004e+00
1.4708703505041625e+00
1.3307515606729161e+00
1.2806303032392901e+00
1.2409824913537371e+00
1.4638590320340468e+00
1.1000000000000001e+00
1.1000000000000001e+00
1.1000000000000001e+00
1.1000000000000001e+00
1.1000000000000001e+00
