1.1961046668499644e+00
1.3397553630157897e+00
1.3312437181396384e+00
1.5096000000000001e+00
1.4337756962799564e+00
1.6328412739982627e+00
1.5037005964767944e+00
1.8133435763500358e+00
1.2698180467232056e+00
1.5760581777426848e+00
1.9162801589720821e+00
1.9162801589720819e+00
1.4010267210279186e+00
1.3593373484055982e+00
1.8032330261614438e+00
1.4466791244652253e+00
1.2278478705375047e+00
1.9162801589720819e+00
1.8239007194860410e+00
1.7072320000000003e+00
1.5662740005139593e+00
1.4010267210279184e+00
1.4132099272752541e+00
1.4172709960243659e+00
1.4132099272752541e+00
1.4010267210279184e+00
1.5662740005139593e+00
1.7072320000000003e+00
1.8239007194860408e+00
1.8531985563623730e+00
1.8629645019878172e+00
1.7708220817432490e+00
1.7577870246213183e+00
1.5444842409895019e+00
1.5532923768362550e+00
1.5444842409895019e+00
1.7275638611413084e+00
1.8481389824706718e+00
1.9436115493543831e+00
2.0219809523809524e+00
2.0231222595918368e+00
2.0231222595918368e+00
2.0219809523809524e+00
2.0231222595918368e+00
2.0231222595918368e+00
2.0219809523809524e+00
2.0231222595918368e+00
2.0231222595918368e+00
2.0219809523809524e+00
2.0231222595918368e+00
2.0231222595918368e+00
1.3345328402815486e+00
1.5405190695424673e+00
1.3920005459916363e+00
1.5929266272871070e+00
1.5303043991260483e+00
1.6781407560048591e+00
1.6916317448747153e+00
1.7709452872664828e+00
1.8414973841988618e+00
1.8490912036705991e+00
1.9525940938253012e+00
1.8940224814805331e+00
1.9943163624519364e+00
1.8940224814805333e+00
1.9525940938253012e+00
1.8490912036705991e+00
1.8414973841988620e+00
1.7709452872664828e+00
1.6916317448747153e+00
1.6781407560048593e+00
1.5303043991260485e+00
1.5929266272871070e+00
1.3920005459916363e+00
1.5405190695424673e+00
1.3729574400000002e+00
1.4790027126047702e+00
1.4080733034645083e+00
1.3185802199974350e+00
1.2006608849182931e+00
1.3729574400000000e+00
1.8401659950817071e+00
1.9162801589720821e+00
1.4010267210279181e+00
1.5784961278464036e+00
1.4010267210279181e+00
1.9162801589720817e+00
1.8686583369362550e+00
1.8133435763500358e+00
1.6328412605953215e+00
1.6897854634388338e+00
1.5095999999999998e+00
1.5086102789214324e+00
1.3397553371128481e+00
1.2698180467232056e+00
1.1961046668499642e+00
1.5037005964767940e+00
1.1000000000000001e+00
1.1000000000000001e+00
1.1000000000000001e+00
1.1000000000000001e+00
1.1000000000000001e+00
