1.2273699061968786e+00
1.3434404913644520e+00
1.3313926540542553e+00
1.4635735394278648e+00
1.4047688762899209e+00
1.5750360366043692e+00
1.4674271931260587e+00
1.7853688116798940e+00
1.2813680852292417e+00
1.5322820558489543e+00
1.8837249021797200e+00
1.8796160898699918e+00
1.3755186315798555e+00
1.3504209339773996e+00
1.7797850536226929e+00
1.4170208168269707e+00
1.2747883004198417e+00
1.8827285102786795e+00
1.7789464564317323e+00
1.6532745267289857e+00
1.5179495747984482e+00
1.3623467975784382e+00
1.3781536222230315e+00
1.3858207627919843e+00
1.3844891072047727e+00
1.3753359433167649e+00
1.5238810206493054e+00
1.6540013626967538e+00
1.7662077307329627e+00
1.7918540474623816e+00
1.8113367975197969e+00
1.7359129157519142e+00
1.7377877643120430e+00
1.5268436945983759e+00
1.5232845330040226e+00
1.5146593191093032e+00
1.6971733325788381e+00
1.8176969394082236e+00
1.9105760070513493e+00
1.9761262983648975e+00
1.9732683931228230e+00
1.9667626800848288e+00
1.9582400331484298e+00
1.9698591753630585e+00
1.9815162952791989e+00
1.9761757746893533e+00
1.9780418844920118e+00
1.9691845020041299e+00
1.9680225534169766e+00
1.9754346356425159e+00
1.9741276809420236e+00
1.3024164674138490e+00
1.4829019190681394e+00
1.3537892710256159e+00
1.5344940464069590e+00
1.4881414229704635e+00
1.6179092119378995e+00
1.6472337963186567e+00
1.7096578208089350e+00
1.8047896446197256e+00
1.7867445536423232e+00
1.9104551245376715e+00
1.8292642047105219e+00
1.9479330918382451e+00
1.8283474807377185e+00
1.9082164033169082e+00
1.7820892582713421e+00
1.7897902807942980e+00
1.7024047900753856e+00
1.6340636793378005e+00
1.6127048014022451e+00
1.4837356748358297e+00
1.5324278083369884e+00
1.3543452029969574e+00
1.4825256321984519e+00
1.3592042892774352e+00
1.4469145588406576e+00
1.3861363245753293e+00
1.3202258201947066e+00
1.2460254045654606e+00
1.3626498548829060e+00
1.8011349200797082e+00
1.8758464743425813e+00
1.3756744119906206e+00
1.5289117242550090e+00
1.3813267858051677e+00
1.8770484345812106e+00
1.8163964368415901e+00
1.7647249141136934e+00
1.5890304925047380e+00
1.6460568904039272e+00
1.4672544163400811e+00
1.4709160748187369e+00
1.3307734406657270e+00
1.2807120641249801e+00
1.2410035414883631e+00
1.4637170157602548e+00
1.1000000000000001e+00
1.1000000000000001e+00
1.1000000000000001e+00
1.1000000000000001e+00
1.1000000000000001e+00
