1.2260213121819195e+00
1.3219117094923083e+00
1.3055024898697218e+00
1.4164715698677104e+00
1.3721988975399477e+00
1.5056688905319240e+00
1.4206233180272843e+00
1.5916870167198585e+00
1.4693630399065076e+00
1.7831086244471741e+00
1.2817189062146161e+00
1.5596280252533306e+00
1.8826880703975406e+00
1.8753142162330063e+00
1.3756168956231825e+00
1.3487213557784876e+00
1.7739388624717352e+00
1.4283822811096929e+00
1.2791628185760320e+00
1.8841090815490347e+00
1.7776193433363241e+00
1.6527618384656897e+00
1.5184414758538924e+00
1.3631220229464696e+00
1.3787252784396078e+00
1.3862205723390502e+00
1.3847875005419703e+00
1.3756270457659874e+00
1.5237677355886325e+00
1.6534921528187381e+00
1.7650751777355163e+00
1.7897872032395452e+00
1.8108867094929539e+00
1.7429893256985716e+00
1.7451346058106842e+00
1.5209771791774198e+00
1.5173728837863527e+00
1.5085062132783043e+00
1.6980286650643699e+00
1.8175786959161986e+00
1.9095352321272330e+00
1.9727391366753910e+00
1.9711214131409238e+00
1.9731583345656851e+00
1.9609849290762507e+00
1.9589279947121279e+00
1.9756718372962767e+00
1.9775102233057702e+00
1.9756265826365784e+00
1.9752376495723840e+00
1.9746891190254319e+00
1.9721212270149511e+00
1.9723346003899351e+00
1.9762273998924005e+00
1.9705527017515228e+00
1.3026597140849867e+00
1.4795510868135198e+00
1.3408127907468419e+00
1.5176539472812693e+00
1.4420618953782132e+00
1.5836292994591330e+00
1.5794008339152374e+00
1.6611366614409473e+00
1.7136961771539059e+00
1.7368624582216450e+00
1.8420369741177158e+00
1.7957304558493312e+00
1.9148669523380402e+00
1.8264910512747139e+00
1.9442630239212118e+00
1.8253207101653264e+00
1.9109915384219478e+00
1.7917762094888516e+00
1.8311593172394154e+00
1.7304272542861199e+00
1.6990944957370542e+00
1.6546291681455050e+00
1.5693863341263987e+00
1.5794081495115282e+00
1.4393705642859269e+00
1.5158883840446253e+00
1.3413781867251671e+00
1.4791504789134731e+00
1.3597562111787735e+00
1.4690565670761999e+00
1.4002986709923813e+00
1.3251150290612719e+00
1.2452912796641753e+00
1.3628853965466743e+00
1.8005467073037711e+00
1.8722135176791961e+00
1.3756380156920611e+00
1.5575420272691001e+00
1.3805498575226949e+00
1.8778748566330015e+00
1.7976333241538969e+00
1.7600681217825149e+00
1.5949967057106149e+00
1.6677125277129214e+00
1.5102468074637436e+00
1.5643619715752726e+00
1.4189102448466622e+00
1.4336048723510855e+00
1.3191574135578796e+00
1.2808751852498954e+00
1.2404436117044664e+00
1.4646806623024100e+00
1.1000000000000001e+00
1.1000000000000001e+00
1.1000000000000001e+00
1.1000000000000001e+00
1.1000000000000001e+00
