1.1961046668499644e+00
1.3152479801548955e+00
1.3005158655865852e+00
1.4513695933849653e+00
1.3865855867699304e+00
1.5612768066150349e+00
1.4543138304000001e+00
1.6449696198451047e+00
1.5037005964767944e+00
1.8133435763500358e+00
1.2698180467232056e+00
1.6083823658539802e+00
1.9162801589720821e+00
1.9162801589720819e+00
1.4010267210279184e+00
1.3563946406142799e+00
1.7952534223060015e+00
1.4608304457173207e+00
1.2330665761349742e+00
1.9162801589720821e+00
1.8239007194860413e+00
1.7072320000000003e+00
1.5662740005139593e+00
1.4010267210279184e+00
1.4132099272752541e+00
1.4172709960243659e+00
1.4132099272752541e+00
1.4010267210279184e+00
1.5662740005139593e+00
1.7072320000000003e+00
1.8239007194860410e+00
1.8531985563623734e+00
1.8629645019878174e+00
1.7768209991972945e+00
1.7626596992380015e+00
1.5361769824850817e+00
1.5454982571776779e+00
1.5361769824850819e+00
1.7266091152835146e+00
1.8470007993489272e+00
1.9423281188029993e+00
2.0219809523809524e+00
2.0229111336858732e+00
2.0234273453653548e+00
2.0222674282503590e+00
2.0222674282503590e+00
2.0234273453653548e+00
2.0229111336858732e+00
2.0219809523809524e+00
2.0229111336858736e+00
2.0234273453653548e+00
2.0222674282503590e+00
2.0222674282503590e+00
2.0234273453653548e+00
2.0229111336858736e+00
1.3345328402815486e+00
1.5386438741926800e+00
1.3774258187333053e+00
1.5780784288299958e+00
1.4862301473642481e+00
1.6455602430948482e+00
1.6224186781130645e+00
1.7250715261958995e+00
1.7586880801733562e+00
1.8015874432206920e+00
1.8785947707345902e+00
1.8620573640739928e+00
1.9634128011285499e+00
1.8955874498526142e+00
1.9943163624519364e+00
1.8955874498526146e+00
1.9634128011285499e+00
1.8620573640739932e+00
1.8785947707345900e+00
1.8015874432206922e+00
1.7586880801733562e+00
1.7250715261958998e+00
1.6224186781130649e+00
1.6455602430948484e+00
1.4862301473642481e+00
1.5780784288299956e+00
1.3774258187333051e+00
1.5386438741926800e+00
1.3729574400000002e+00
1.5051282900167229e+00
1.4273478165613289e+00
1.3283535420822656e+00
1.2006608849182931e+00
1.3729574399999998e+00
1.8401659950817071e+00
1.9162801589720821e+00
1.4010267210279181e+00
1.6076569441020045e+00
1.4010267210279181e+00
1.9162801589720817e+00
1.8472476502016772e+00
1.8133435763500358e+00
1.6449696198451045e+00
1.7260765952134149e+00
1.5612768066150349e+00
1.6064000132300698e+00
1.4513695933849653e+00
1.4543138303999998e+00
1.3152479801548955e+00
1.2698180467232056e+00
1.1961046668499642e+00
1.5037005964767940e+00
1.1000000000000001e+00
1.1000000000000001e+00
1.1000000000000001e+00
1.1000000000000001e+00
1.1000000000000001e+00
