1.1961046668499644e+00
1.3152479801548955e+00
1.3005158655865852e+00
1.4513695933849653e+00
1.3865855867699304e+00
1.5612768066150349e+00
1.4543138304000001e+00
1.6449696198451047e+00
1.5037005964767944e+00
1.8133435763500358e+00
1.2698180467232056e+00
1.6395754258088950e+00
1.9162801589720817e+00
1.9162801589720817e+00
1.4010267210279181e+00
1.3533790361189246e+00
1.7870761478485715e+00
1.4747840963674286e+00
1.2382123850284066e+00
1.9162801589720821e+00
1.8239007194860413e+00
1.7072320000000003e+00
1.5662740005139593e+00
1.4010267210279184e+00
1.4132099272752541e+00
1.4172709960243659e+00
1.4132099272752541e+00
1.4010267210279184e+00
1.5662740005139593e+00
1.7072320000000003e+00
1.8239007194860410e+00
1.8531985563623734e+00
1.8629645019878174e+00
1.7827647508818285e+00
1.7674228811306842e+00
1.5278149058980168e+00
1.5376489717495894e+00
1.5278149058980168e+00
1.7256190633332333e+00
1.8458205267033203e+00
1.9409972275400780e+00
2.0219809523809524e+00
2.0227418238548753e+00
2.0235026953287982e+00
2.0227418238548753e+00
2.0219809523809524e+00
2.0227418238548753e+00
2.0235026953287987e+00
2.0227418238548753e+00
2.0219809523809524e+00
2.0227418238548753e+00
2.0235026953287982e+00
2.0227418238548753e+00
2.0219809523809524e+00
2.0227418238548753e+00
2.0235026953287982e+00
2.0227418238548758e+00
1.3345328402815486e+00
1.5374217046924523e+00
1.3677159392693716e+00
1.5680932825907570e+00
1.4550020695649550e+00
1.6224165815179905e+00
1.5702609040338715e+00
1.6898192818806059e+00
1.6916317448747156e+00
1.7597244067381359e+00
1.8064617080984338e+00
1.8227749041324102e+00
1.9039100971157907e+00
1.8706712135149022e+00
1.9705299615205276e+00
1.8966058586021455e+00
1.9943163624519364e+00
1.8966058586021453e+00
1.9705299615205276e+00
1.8706712135149024e+00
1.9039100971157907e+00
1.8227749041324102e+00
1.8064617080984335e+00
1.7597244067381359e+00
1.6916317448747153e+00
1.6898192818806057e+00
1.5702609040338720e+00
1.6224165815179905e+00
1.4550020695649555e+00
1.5680932825907572e+00
1.3677159392693718e+00
1.5374217046924525e+00
1.3729574400000002e+00
1.5307917366386270e+00
1.4460458448393776e+00
1.3372434490360408e+00
1.2006608849182931e+00
1.3729574400000000e+00
1.8401659950817071e+00
1.9162801589720821e+00
1.4010267210279181e+00
1.6357483393598371e+00
1.4010267210279181e+00
1.9162801589720817e+00
1.8248479692173691e+00
1.8133435763500358e+00
1.6449696198451045e+00
1.7260765952134149e+00
1.5612768066150349e+00
1.6064000132300698e+00
1.4513695933849653e+00
1.4543138303999998e+00
1.3152479801548955e+00
1.2698180467232056e+00
1.1961046668499642e+00
1.5037005964767940e+00
1.1000000000000001e+00
1.1000000000000001e+00
1.1000000000000001e+00
1.1000000000000001e+00
1.1000000000000001e+00
