1.2258739514270229e+00
1.3217294223476190e+00
1.3053643167352444e+00
1.4163397655442305e+00
1.3720689597441476e+00
1.5055840601536830e+00
1.4204815145960807e+00
1.5916269648713572e+00
1.4690962993209860e+00
1.7832870702642536e+00
1.2814094511641436e+00
1.5873497904466802e+00
1.8835681820693200e+00
1.8847329492045515e+00
1.3740561914117213e+00
1.3506561590603068e+00
1.7567857398094975e+00
1.4392415047190479e+00
1.2840987668115782e+00
1.8847681517757702e+00
1.7773618222897096e+00
1.6523051162728370e+00
1.5178721712577432e+00
1.3629985129590263e+00
1.3789251963734732e+00
1.3866907040301375e+00
1.3854348135749652e+00
1.3763385204735850e+00
1.5244922264697160e+00
1.6542918925668073e+00
1.7671834598372005e+00
1.7890294552997299e+00
1.8113056206042792e+00
1.7506093626387202e+00
1.7535610308049439e+00
1.5156765859855381e+00
1.5115433496905359e+00
1.5019178745945045e+00
1.6989166789817469e+00
1.8178817240198077e+00
1.9093701374592265e+00
1.9738826085578953e+00
1.9732141965277858e+00
1.9752193455150135e+00
1.9673107030201455e+00
1.9609098997384904e+00
1.9674879900265978e+00
1.9776210084646169e+00
1.9780836261009764e+00
1.9749492309153622e+00
1.9698508057926254e+00
1.9786957369494949e+00
1.9692218956121377e+00
1.9718951585070712e+00
1.9775685238367391e+00
1.9759049695436683e+00
1.9725899269874470e+00
1.3021484428790622e+00
1.4762226859370720e+00
1.3314644363607770e+00
1.5049606032483061e+00
1.4075742589366484e+00
1.5571037181346816e+00
1.5221947173719934e+00
1.6229199636475555e+00
1.6431650314540958e+00
1.6914950027977635e+00
1.7610915887773901e+00
1.7546734019774841e+00
1.8635259302215734e+00
1.8018065365778220e+00
1.9228166559193878e+00
1.8262646624447829e+00
1.9454652097469312e+00
1.8255580128978985e+00
1.9203415073111141e+00
1.7994334919599910e+00
1.8566587948366868e+00
1.7506520993996668e+00
1.7509894651514117e+00
1.6865008647209485e+00
1.6316563445691405e+00
1.6191609281904285e+00
1.5199469958199818e+00
1.5558869805907705e+00
1.4106878236528981e+00
1.5046203933127913e+00
1.3319360162636007e+00
1.4759794086582851e+00
1.3606332042322904e+00
1.4902046800006674e+00
1.4135426621403884e+00
1.3292195733299907e+00
1.2445870026559696e+00
1.3633834739221646e+00
1.7971984204699845e+00
1.8725036157412844e+00
1.3760533319112644e+00
1.5871352952731423e+00
1.3806953752732787e+00
1.8784451855608166e+00
1.7802662267570319e+00
1.7600165747373597e+00
1.5945964879753596e+00
1.6676832778194726e+00
1.5099597092060717e+00
1.5643641687196568e+00
1.4187385385153006e+00
1.4336430013395407e+00
1.3191037950817974e+00
1.2809609368499986e+00
1.2404127963347926e+00
1.4637810372414268e+00
1.1000000000000001e+00
1.1000000000000001e+00
1.1000000000000001e+00
1.1000000000000001e+00
1.1000000000000001e+00
