1.2249220410522459e+00
1.3076047197096443e+00
1.2878519721683284e+00
1.3847326218667808e+00
1.3464035834234935e+00
1.4596602561635594e+00
1.3946475312229840e+00
1.5313337335882442e+00
1.4311357437736083e+00
1.6015416118469366e+00
1.4698362272045227e+00
1.7797793736767162e+00
1.2818537081626600e+00
1.6133230167151633e+00
1.8820784802390538e+00
1.8842983686390848e+00
1.3741276645437071e+00
1.3492634685011100e+00
1.7476428084498370e+00
1.4517540668754525e+00
1.2885192923142452e+00
1.8819981824524250e+00
1.7747459809458874e+00
1.6508324786237403e+00
1.5175888533879156e+00
1.3635946614929999e+00
1.3792297427610487e+00
1.3868634682789973e+00
1.3855751185001179e+00
1.3764640198223579e+00
1.5238153979971345e+00
1.6528421729986211e+00
1.7647130023281061e+00
1.7868450865303687e+00
1.8107529365978023e+00
1.7569293427203294e+00
1.7604323288260542e+00
1.5097079682125114e+00
1.5051778214362694e+00
1.4948481954204313e+00
1.6987104489548464e+00
1.8171087180349248e+00
1.9092760387660515e+00
1.9719378632960101e+00
1.9715313771827863e+00
1.9724798210313248e+00
1.9682030938926749e+00
1.9591708695690460e+00
1.9620873814956092e+00
1.9701326151876382e+00
1.9781379430090660e+00
1.9754469201767697e+00
1.9742801868664195e+00
1.9695287620245023e+00
1.9761651786724062e+00
1.9701029304265751e+00
1.9715831053502375e+00
1.9712081107050230e+00
1.9701659325598717e+00
1.9715816679713201e+00
1.9706450868208045e+00
1.3010996111621862e+00
1.4704045894368603e+00
1.3183013489917261e+00
1.4924121543106654e+00
1.3795862553868701e+00
1.5351701228628802e+00
1.4773992138742418e+00
1.5915021623955905e+00
1.5860853667162282e+00
1.6529178998418379e+00
1.6946165365103067e+00
1.7130365062607809e+00
1.7949514197510035e+00
1.7658863658184043e+00
1.8788242728211795e+00
1.8042739395898588e+00
1.9265951317659193e+00
1.8238755381555514e+00
1.9441535346823122e+00
1.8232849148908337e+00
1.9243825234675449e+00
1.8023204852933310e+00
1.8729103485559138e+00
1.7624920109425388e+00
1.7856268605786143e+00
1.7083765031427038e+00
1.6818026779105728e+00
1.6488962650611625e+00
1.5818495095991620e+00
1.5897609020694259e+00
1.4797641981802134e+00
1.5345883589286891e+00
1.3815132216113744e+00
1.4919973968567373e+00
1.3189324530144877e+00
1.4702234910976122e+00
1.3610752304901967e+00
1.5108724735947880e+00
1.4261682909711080e+00
1.3326122650512506e+00
1.2438220382366580e+00
1.3640323130158556e+00
1.7947967872561779e+00
1.8698642422701632e+00
1.3766253364218399e+00
1.6155734659754244e+00
1.3816265172218807e+00
1.8769105165920159e+00
1.7605111845074135e+00
1.7579246684427488e+00
1.5999370462845324e+00
1.6852492518943178e+00
1.5341246618309015e+00
1.6106818416782345e+00
1.4639566187304371e+00
1.5082325821259051e+00
1.3900157763962642e+00
1.4079715485453170e+00
1.3125149842934267e+00
1.2813184472668027e+00
1.2396630759804892e+00
1.4675090922410223e+00
1.1000000000000001e+00
1.1000000000000001e+00
1.1000000000000001e+00
1.1000000000000001e+00
1.1000000000000001e+00
1.1000000000000001e+00
