1.1961046668499642e+00
1.3001940277369863e+00
1.2811009452226072e+00
1.4132856276567285e+00
1.3543586776113179e+00
1.5096000000000001e+00
1.4158778681623376e+00
1.5891371795471927e+00
1.4656585175235488e+00
1.6518971350943841e+00
1.5037005964767942e+00
1.8133435763500358e+00
1.2698180467232056e+00
1.6695458804418932e+00
1.9162801589720817e+00
1.9162801589720817e+00
1.4010267210279181e+00
1.3502905349195322e+00
1.7787012027891538e+00
1.4885400764155483e+00
1.2432852972178019e+00
1.9162801589720821e+00
1.8239007194860410e+00
1.7072320000000003e+00
1.5662740005139590e+00
1.4010267210279181e+00
1.4132099272752539e+00
1.4172709960243657e+00
1.4132099272752539e+00
1.4010267210279181e+00
1.5662740005139593e+00
1.7072320000000003e+00
1.8239007194860410e+00
1.8531985563623734e+00
1.8629645019878174e+00
1.7886533367968511e+00
1.7720758426415433e+00
1.5193995662810020e+00
1.5297445205519893e+00
1.5193995662810020e+00
1.7245937052904650e+00
1.8445981645338514e+00
1.9396188755656194e+00
2.0219809523809524e+00
2.0226096999099896e+00
2.0234568091642871e+00
2.0231222595918368e+00
2.0221589624903489e+00
2.0221589624903489e+00
2.0231222595918368e+00
2.0234568091642871e+00
2.0226096999099896e+00
2.0219809523809524e+00
2.0226096999099901e+00
2.0234568091642871e+00
2.0231222595918368e+00
2.0221589624903493e+00
2.0221589624903489e+00
2.0231222595918368e+00
2.0234568091642871e+00
2.0226096999099901e+00
1.3345328402815486e+00
1.5365814591240605e+00
1.3609409284050489e+00
1.5610819066481019e+00
1.4322302012118027e+00
1.6055406939037336e+00
1.5303043991260483e+00
1.6627534010829770e+00
1.6378920785349238e+00
1.7250715261958998e+00
1.7440646872242522e+00
1.7855374666191748e+00
1.8414973841988620e+00
1.8379271039187290e+00
1.9218713810561616e+00
1.8766692797820226e+00
1.9754534929511167e+00
1.8973053006033735e+00
1.9943163624519364e+00
1.8973053006033735e+00
1.9754534929511165e+00
1.8766692797820226e+00
1.9218713810561612e+00
1.8379271039187290e+00
1.8414973841988618e+00
1.7855374666191748e+00
1.7440646872242522e+00
1.7250715261958998e+00
1.6378920785349240e+00
1.6627534010829770e+00
1.5303043991260488e+00
1.6055406939037336e+00
1.4322302012118033e+00
1.5610819066481021e+00
1.3609409284050500e+00
1.5365814591240610e+00
1.3729574400000002e+00
1.5559758052592587e+00
1.4641673882986543e+00
1.3452660597437098e+00
1.2006608849182931e+00
1.3729574399999998e+00
1.8401659950817071e+00
1.9162801589720821e+00
1.4010267210279181e+00
1.6627549277564493e+00
1.4010267210279181e+00
1.9162801589720817e+00
1.8014772847128155e+00
1.8133435763500358e+00
1.6518971087630134e+00
1.7461227583522678e+00
1.5891371583432714e+00
1.6581597951944322e+00
1.5095999999999998e+00
1.5494546780046621e+00
1.4132855964528066e+00
1.4200073917294489e+00
1.3001939689056121e+00
1.2698180467232056e+00
1.1961046668499642e+00
1.5037005964767940e+00
1.1000000000000001e+00
1.1000000000000001e+00
1.1000000000000001e+00
1.1000000000000001e+00
1.1000000000000001e+00
1.1000000000000001e+00
