1.2249197819834527e+00
1.3076085887622819e+00
1.2878049452792213e+00
1.3846864211529382e+00
1.3463131256775955e+00
1.4595646518989907e+00
1.3945169691230914e+00
1.5311876859868674e+00
1.4309544724033800e+00
1.6013259773846571e+00
1.4694808469087464e+00
1.7796055229466217e+00
1.2818967313263572e+00
1.6385351932544923e+00
1.8816039882707098e+00
1.8843939617769119e+00
1.3740491603117675e+00
1.3477328845492984e+00
1.7390047638636561e+00
1.4636726050756772e+00
1.2927692146413876e+00
1.8832020561169729e+00
1.7740323097560782e+00
1.6500261555410125e+00
1.5168525954423937e+00
1.3635001591064164e+00
1.3794208352298358e+00
1.3870574831317808e+00
1.3856825091360505e+00
1.3766074534662938e+00
1.5232295751027627e+00
1.6512529829498441e+00
1.7607761421163484e+00
1.7853742764690486e+00
1.8126232662286530e+00
1.7640694068998342e+00
1.7669565892063783e+00
1.5028547381220299e+00
1.4988628310442620e+00
1.4885793320532035e+00
1.6997544086884064e+00
1.8173520878998577e+00
1.9073124181493259e+00
1.9717705164293688e+00
1.9718766154149137e+00
1.9749268852414765e+00
1.9700281270776938e+00
1.9616691479774073e+00
1.9603110005466691e+00
1.9668137387033702e+00
1.9751971331434153e+00
1.9757001015259761e+00
1.9736837078227341e+00
1.9684026129029695e+00
1.9728568235865018e+00
1.9712811015968132e+00
1.9672798004763057e+00
1.9709281927258893e+00
1.9733006280920471e+00
1.9715227745221369e+00
1.9741351038863824e+00
1.9711137832960721e+00
1.3033695923298663e+00
1.4714835919783931e+00
1.3181303310920305e+00
1.4908975918299587e+00
1.3714805964262244e+00
1.5293126267122872e+00
1.4610034621079049e+00
1.5813265609424758e+00
1.5646675211320287e+00
1.6392133624557514e+00
1.6684522598849600e+00
1.6971366731472675e+00
1.7670564070561539e+00
1.7501047483915124e+00
1.8531469592806247e+00
1.7917494621639229e+00
1.9094974181887356e+00
1.8180729368679651e+00
1.9416242915451272e+00
1.8271008537251445e+00
1.9407770130787689e+00
1.8170196529884113e+00
1.9062737319379612e+00
1.7893865679399255e+00
1.8459896386350407e+00
1.7463837140503271e+00
1.7564440181159435e+00
1.6925320707056015e+00
1.6563479888636383e+00
1.6356195263941138e+00
1.5616649240477856e+00
1.5800996490263677e+00
1.4651399504882425e+00
1.5292943611500975e+00
1.3752541382770922e+00
1.4909047960023565e+00
1.3196114769524416e+00
1.4714396329054400e+00
1.3616138850747799e+00
1.5317510016361340e+00
1.4386038671086150e+00
1.3354383983233964e+00
1.2430498568388564e+00
1.3645840321295610e+00
1.7938673784090160e+00
1.8677575817968455e+00
1.3769845935072813e+00
1.6438783349117687e+00
1.3816061246776690e+00
1.8760043571302261e+00
1.7418493405359343e+00
1.7571266257921638e+00
1.5994312994712159e+00
1.6846494993206276e+00
1.5337346886542553e+00
1.6102356368939346e+00
1.4636767472545529e+00
1.5079449639640834e+00
1.3898439435935566e+00
1.4078230367650955e+00
1.3124496318257761e+00
1.2813176137847058e+00
1.2396227308210033e+00
1.4671794853358904e+00
1.1000000000000001e+00
1.1000000000000001e+00
1.1000000000000001e+00
1.1000000000000001e+00
1.1000000000000001e+00
1.1000000000000001e+00
