1.1961046668499642e+00
1.3001940277369863e+00
1.2811009452226072e+00
1.4132856276567285e+00
1.3543586776113179e+00
1.5096000000000001e+00
1.4158778681623376e+00
1.5891371795471927e+00
1.4656585175235488e+00
1.6518971350943841e+00
1.5037005964767942e+00
1.8133435763500358e+00
1.2698180467232056e+00
1.6982073204668686e+00
1.9162801589720821e+00
1.9162801589720819e+00
1.4010267210279184e+00
1.3471291370161027e+00
1.7701285871277481e+00
1.5020983858616803e+00
1.2482853127031599e+00
1.9162801589720821e+00
1.8239007194860410e+00
1.7072320000000003e+00
1.5662740005139593e+00
1.4010267210279184e+00
1.4132099272752541e+00
1.4172709960243659e+00
1.4132099272752541e+00
1.4010267210279184e+00
1.5662740005139593e+00
1.7072320000000003e+00
1.8239007194860408e+00
1.8531985563623730e+00
1.8629645019878172e+00
1.7944867569423624e+00
1.7766178743723275e+00
1.5109325369463056e+00
1.5217849035848781e+00
1.5109325369463056e+00
1.7235330411552092e+00
1.8433337128405205e+00
1.9381930628796238e+00
2.0230414023405814e+00
2.0235495877016190e+00
2.0242224608102002e+00
2.0238038906663984e+00
2.0225643685342969e+00
2.0219377694482952e+00
2.0224017971152604e+00
2.0227985975830562e+00
2.0221246088485407e+00
2.0210904217880397e+00
2.0210904217880397e+00
2.0221246088485407e+00
2.0227985975830562e+00
2.0224017971152604e+00
2.0219377694482947e+00
2.0225643685342969e+00
2.0238038906663984e+00
2.0242224608102002e+00
2.0235495877016190e+00
1.3378097225120196e+00
1.5390659214090128e+00
1.3614959072574322e+00
1.5610747213523495e+00
1.4260942998368362e+00
1.6013950929168916e+00
1.5164745492752398e+00
1.6540380400794512e+00
1.6174051877607374e+00
1.7124742738193213e+00
1.7186811439520007e+00
1.7706604046703647e+00
1.8138475659648372e+00
1.8231770896782167e+00
1.8963439285453390e+00
1.8651040716425555e+00
1.9580693143671124e+00
1.8922278890636202e+00
1.9912653931752993e+00
1.9016209537310624e+00
1.9912653931752993e+00
1.8922278890636202e+00
1.9580693143671126e+00
1.8651040716425555e+00
1.8963439285453387e+00
1.8231770896782167e+00
1.8138475659648372e+00
1.7706604046703647e+00
1.7186811439520002e+00
1.7124742738193213e+00
1.6174051877607374e+00
1.6540380400794510e+00
1.5164745492752398e+00
1.6013950929168921e+00
1.4260942998368367e+00
1.5610747213523497e+00
1.3614959072574329e+00
1.5390659214090130e+00
1.3729574400000002e+00
1.5806635347682434e+00
1.4817124469391594e+00
1.3524377791910716e+00
1.2006608849182931e+00
1.3729574400000000e+00
1.8401659950817071e+00
1.9162801589720821e+00
1.4010267210279181e+00
1.6886624920410438e+00
1.4010267210279181e+00
1.9162801589720817e+00
1.7771547560301588e+00
1.8133435763500358e+00
1.6518971087630134e+00
1.7461227583522678e+00
1.5891371583432714e+00
1.6581597951944322e+00
1.5095999999999998e+00
1.5494546780046621e+00
1.4132855964528066e+00
1.4200073917294489e+00
1.3001939689056121e+00
1.2698180467232056e+00
1.1961046668499642e+00
1.5037005964767940e+00
1.1000000000000001e+00
1.1000000000000001e+00
1.1000000000000001e+00
1.1000000000000001e+00
1.1000000000000001e+00
1.1000000000000001e+00
