1.2241441985690613e+00
1.2977836159343545e+00
1.2750910052675299e+00
1.3623401018030443e+00
1.3258567838658777e+00
1.4261017119709627e+00
1.3709416149830005e+00
1.4880435015640963e+00
1.4076460891234175e+00
1.5483099949934904e+00
1.4398256442735786e+00
1.6076926773468925e+00
1.4699568584552440e+00
1.7757141005882837e+00
1.2826921436208301e+00
1.6606797290080366e+00
1.8787878135244147e+00
1.8737789441607748e+00
1.3759795177195642e+00
1.3409303078575414e+00
1.7412582766240010e+00
1.4722792671224041e+00
1.2949599533644496e+00
1.8806313529251453e+00
1.7707029427812035e+00
1.6478529229878898e+00
1.5159448898473780e+00
1.3635543740045275e+00
1.3794356625473554e+00
1.3871869747755718e+00
1.3859760934810423e+00
1.3769993990917273e+00
1.5230660537811240e+00
1.6505378690441441e+00
1.7604771334186047e+00
1.7829298051068363e+00
1.8111368787174631e+00
1.7694197779225258e+00
1.7731589053430452e+00
1.4965049795987526e+00
1.4919966975902523e+00
1.4809331928828307e+00
1.6987557815638255e+00
1.8152100076127642e+00
1.9040751180868285e+00
1.9700211590859928e+00
1.9697093548584661e+00
1.9707068931268652e+00
1.9647324784646762e+00
1.9593057646652623e+00
1.9546256732012419e+00
1.9561006255532045e+00
1.9649379805410996e+00
1.9720517008830607e+00
1.9728422413423776e+00
1.9705584735318142e+00
1.9655636408050223e+00
1.9663727467216645e+00
1.9740354493306151e+00
1.9688244132335544e+00
1.9720737066492500e+00
1.9698347318529688e+00
1.9678627553075123e+00
1.9689301615214994e+00
1.9719671458939445e+00
1.9696054886475185e+00
1.3067637811176818e+00
1.4737659193707922e+00
1.3217619832839738e+00
1.4907273122394933e+00
1.3689168688713056e+00
1.5222697885011267e+00
1.4378346467071264e+00
1.5654635691058758e+00
1.5276024325493245e+00
1.6162831881159994e+00
1.6235679831118139e+00
1.6693092692607170e+00
1.7168176771919383e+00
1.7203918646817866e+00
1.8038413519366678e+00
1.7645077283866850e+00
1.8683464493920110e+00
1.7980495011024420e+00
1.9156036707351074e+00
1.8194689487803042e+00
1.9416023496876393e+00
1.8264528580793975e+00
1.9406402415030626e+00
1.8178753133961676e+00
1.9122459988849003e+00
1.7947620598346248e+00
1.8615591556951756e+00
1.7584892788817912e+00
1.7851725549652553e+00
1.7122291945360317e+00
1.6973876497933829e+00
1.6615841234893187e+00
1.6101482812258541e+00
1.6108373647100920e+00
1.5253686661410883e+00
1.5621612195177996e+00
1.4381594066172092e+00
1.5190611891929864e+00
1.3622875041165812e+00
1.4879034303940795e+00
1.3182971981803386e+00
1.4727962316705971e+00
1.3622559412594351e+00
1.5507075581986827e+00
1.4496665354442893e+00
1.3374449902197698e+00
1.2421418340081010e+00
1.3647946834298279e+00
1.7890054621705653e+00
1.8650264328782051e+00
1.3770901235519366e+00
1.6715743016537068e+00
1.3813452661852497e+00
1.8775613570065772e+00
1.7230971038792409e+00
1.7547172515240979e+00
1.6014943200490772e+00
1.6925737079580945e+00
1.5468149862821152e+00
1.6300823518636509e+00
1.4914301989900429e+00
1.5627923486471340e+00
1.4333191768440299e+00
1.4789880660828993e+00
1.3727847837763449e+00
1.3928082047470205e+00
1.3087640707985746e+00
1.2816104927806979e+00
1.2391976522411663e+00
1.4686458767222592e+00
1.1000000000000001e+00
1.1000000000000001e+00
1.1000000000000001e+00
1.1000000000000001e+00
1.1000000000000001e+00
1.1000000000000001e+00
