1.1961046668499642e+00
1.2900124239201862e+00
1.2677500766384708e+00
1.3865855867699304e+00
1.3312437181396384e+00
1.4715079161301727e+00
1.3865855867699304e+00
1.5447793741476050e+00
1.4337756808611093e+00
1.6063999932761472e+00
1.4728140110378978e+00
1.6563697735158003e+00
1.5037005964767942e+00
1.8133435763500358e+00
1.2698180467232056e+00
1.7254784044771454e+00
1.9162801589720821e+00
1.9162801589720819e+00
1.4010267210279186e+00
1.3438948424086359e+00
1.7613583008643545e+00
1.5154590247058248e+00
1.2532124314844810e+00
1.9162801589720821e+00
1.8239007194860410e+00
1.7072320000000003e+00
1.5662740005139593e+00
1.4010267210279181e+00
1.4132099272752539e+00
1.4172709960243657e+00
1.4132099272752539e+00
1.4010267210279181e+00
1.5662740005139593e+00
1.7072320000000003e+00
1.8239007194860408e+00
1.8531985563623730e+00
1.8629645019878172e+00
1.8002650113183625e+00
1.7810482851843599e+00
1.5024154094657682e+00
1.5137701208482552e+00
1.5024154094657682e+00
1.7224370709274663e+00
1.8420271716233279e+00
1.9367197894820909e+00
2.0228499274538749e+00
2.0232884793457653e+00
2.0239993750915835e+00
2.0239424317352399e+00
2.0229795333543827e+00
2.0220725794795964e+00
2.0220856481876694e+00
2.0227097595095662e+00
2.0228761207469663e+00
2.0221351557620069e+00
2.0212505512958479e+00
2.0212505512958479e+00
2.0221351557620069e+00
2.0228761207469663e+00
2.0227097595095662e+00
2.0220856481876699e+00
2.0220725794795964e+00
2.0229795333543827e+00
2.0239424317352404e+00
2.0239993750915835e+00
2.0232884793457657e+00
1.3372169072291069e+00
1.5380427959936398e+00
1.3567049333620811e+00
1.5561924024311955e+00
1.4107395681599850e+00
1.5899555806422139e+00
1.4884870846514535e+00
1.6350788826516980e+00
1.5780383703529788e+00
1.6867045816413273e+00
1.6704714381985726e+00
1.7401690317640177e+00
1.7602215220962694e+00
1.7912523909025724e+00
1.8428349105318214e+00
1.8361016764674458e+00
1.9129825382897341e+00
1.8712051282622042e+00
1.9644768746395527e+00
1.8936119706899985e+00
1.9918161111084844e+00
1.9013184598264081e+00
1.9918161111084844e+00
1.8936119706899988e+00
1.9644768746395527e+00
1.8712051282622042e+00
1.9129825382897341e+00
1.8361016764674458e+00
1.8428349105318214e+00
1.7912523909025724e+00
1.7602215220962694e+00
1.7401690317640179e+00
1.6704714381985730e+00
1.6867045816413273e+00
1.5780383703529790e+00
1.6350788826516984e+00
1.4884870846514537e+00
1.5899555806422141e+00
1.4107395681599852e+00
1.5561924024311957e+00
1.3567049333620815e+00
1.5380427959936402e+00
1.3729574400000002e+00
1.6048382501560559e+00
1.4986810207608925e+00
1.3587752984647734e+00
1.2006608849182931e+00
1.3729574399999998e+00
1.8401659950817071e+00
1.9162801589720821e+00
1.4010267210279181e+00
1.7134579835754811e+00
1.4010267210279181e+00
1.9162801589720817e+00
1.7519007111241973e+00
1.8133435763500358e+00
1.6563697991700916e+00
1.7587666538452098e+00
1.6064000132300698e+00
1.6897854634388338e+00
1.5447793741476048e+00
1.6064000132300698e+00
1.4715079161301725e+00
1.5086103164694458e+00
1.3865856192238513e+00
1.3964163595343217e+00
1.2900124834286404e+00
1.2698180467232056e+00
1.1961046668499642e+00
1.5037005964767940e+00
1.1000000000000001e+00
1.1000000000000001e+00
1.1000000000000001e+00
1.1000000000000001e+00
1.1000000000000001e+00
1.1000000000000001e+00
