1.2241506261666344e+00
1.2977737106229326e+00
1.2750098252697419e+00
1.3621789876680910e+00
1.3256697454899964e+00
1.4257880315893172e+00
1.3706561097940753e+00
1.4875805089627674e+00
1.4072807573906065e+00
1.5476985025012924e+00
1.4393683443879184e+00
1.6069250155654033e+00
1.4693583765377578e+00
1.7746088828415520e+00
1.2828087780805424e+00
1.6831757792279394e+00
1.8775897044572132e+00
1.8734082110760726e+00
1.3759015913123906e+00
1.3388539234076262e+00
1.7339691154879122e+00
1.4841592614569803e+00
1.2987992445265775e+00
1.8793444674382560e+00
1.7692934217330416e+00
1.6466673465775084e+00
1.5150299761850032e+00
1.3632516321868633e+00
1.3793673364229690e+00
1.3872752716664734e+00
1.3861750809097075e+00
1.3773047958514879e+00
1.5227246127197636e+00
1.6495764270872191e+00
1.7587233325228919e+00
1.7813364675515944e+00
1.8111647919838914e+00
1.7755384592600285e+00
1.7798975736217224e+00
1.4902865010735704e+00
1.4854326584908855e+00
1.4736385592443533e+00
1.6985692065465567e+00
1.8146446419658466e+00
1.9040871642223505e+00
1.9696980330545628e+00
1.9689345503273543e+00
1.9669027225100151e+00
1.9679195770288800e+00
1.9617485868853781e+00
1.9544319956450058e+00
1.9545412084056906e+00
1.9594236074909723e+00
1.9660893437486064e+00
1.9728159887954131e+00
1.9710630803648628e+00
1.9697736604385352e+00
1.9656759062887650e+00
1.9659995413649152e+00
1.9718999358606975e+00
1.9663234642443297e+00
1.9651520534285598e+00
1.9708048595355587e+00
1.9727344411974055e+00
1.9705142062808723e+00
1.9716804625611224e+00
1.9678958172582866e+00
1.9688075953202522e+00
1.3064661375964968e+00
1.4720855175335110e+00
1.3193841319778357e+00
1.4862824131104682e+00
1.3587493676899602e+00
1.5125392222360721e+00
1.4148643604469644e+00
1.5491973289808216e+00
1.4927680505136907e+00
1.5937900913139604e+00
1.5795975376349516e+00
1.6420998602487336e+00
1.6683588521529640e+00
1.6903474290986202e+00
1.7513760815667687e+00
1.7350615939585301e+00
1.8244837807376786e+00
1.7731031390596002e+00
1.8817538014529618e+00
1.8017947337312739e+00
1.9206534057054505e+00
1.8196704082269513e+00
1.9421374271010445e+00
1.8254584662371511e+00
1.9412262858554230e+00
1.8182558874943053e+00
1.9173984899712391e+00
1.7988168824599557e+00
1.8748565932866594e+00
1.7682840788293093e+00
1.8118108019848944e+00
1.7283256891757370e+00
1.7328785130132329e+00
1.6826523096766806e+00
1.6502409265730147e+00
1.6357203415142703e+00
1.5726700054769147e+00
1.5899327234672382e+00
1.4942318219425539e+00
1.5466984621205533e+00
1.4157588258940381e+00
1.5096263982452451e+00
1.3514321573652619e+00
1.4836182588160836e+00
1.3157214129854460e+00
1.4711856847934277e+00
1.3629909787927437e+00
1.5706491916071803e+00
1.4611714566965626e+00
1.3393382866505936e+00
1.2413410679972461e+00
1.3653733310387011e+00
1.7871741566544557e+00
1.8639965832322991e+00
1.3775048759127126e+00
1.6993517168063954e+00
1.3813463522785465e+00
1.8763721286608086e+00
1.7039666331911465e+00
1.7534951867886539e+00
1.6008957012028835e+00
1.6917053843436178e+00
1.5463494936970625e+00
1.6294270713100945e+00
1.4910755026085549e+00
1.5623121686215400e+00
1.4330688173237354e+00
1.4786692546743601e+00
1.3726354678239678e+00
1.3926381474845588e+00
1.3087175863196567e+00
1.2816161072555539e+00
1.2391732658038359e+00
1.4684879910029462e+00
1.1000000000000001e+00
1.1000000000000001e+00
1.1000000000000001e+00
1.1000000000000001e+00
1.1000000000000001e+00
1.1000000000000001e+00
