1.1961046668499642e+00
1.2900124239201862e+00
1.2677500766384708e+00
1.3865855867699304e+00
1.3312437181396384e+00
1.4715079161301727e+00
1.3865855867699304e+00
1.5447793741476050e+00
1.4337756808611093e+00
1.6063999932761472e+00
1.4728140110378978e+00
1.6563697735158003e+00
1.5037005964767942e+00
1.8133435763500358e+00
1.2698180467232056e+00
1.7512828589454779e+00
1.9162801589720821e+00
1.9162801589720819e+00
1.4010267210279186e+00
1.3405876510971320e+00
1.7523903439989734e+00
1.5286219929479810e+00
1.2580666535617646e+00
1.9162801589720821e+00
1.8239007194860413e+00
1.7072320000000003e+00
1.5662740005139595e+00
1.4010267210279184e+00
1.4132099272752541e+00
1.4172709960243659e+00
1.4132099272752541e+00
1.4010267210279184e+00
1.5662740005139593e+00
1.7072320000000003e+00
1.8239007194860410e+00
1.8531985563623734e+00
1.8629645019878174e+00
1.8059880999248512e+00
1.7853664021985347e+00
1.4938497936708033e+00
1.5057001723421215e+00
1.4938497936708035e+00
1.7213057946072359e+00
1.8406785408822730e+00
1.9351990553730205e+00
2.0227059339313431e+00
2.0230858438540937e+00
2.0237867536372747e+00
2.0239693114851667e+00
2.0233087909693275e+00
2.0223577118987253e+00
2.0219618678708788e+00
2.0223589535818345e+00
2.0229331997471296e+00
2.0228918907406315e+00
2.0221338169224001e+00
2.0213711669390877e+00
2.0213711669390877e+00
2.0221338169224001e+00
2.0228918907406310e+00
2.0229331997471296e+00
2.0223589535818349e+00
2.0219618678708788e+00
2.0223577118987253e+00
2.0233087909693275e+00
2.0239693114851667e+00
2.0237867536372747e+00
2.0230858438540942e+00
1.3367714293834916e+00
1.5372734641635644e+00
1.3530798306985690e+00
1.5524882220663048e+00
1.3988728145716272e+00
1.5811236399278290e+00
1.4662321592507810e+00
1.6200878785200830e+00
1.5458446790249736e+00
1.6657117337478651e+00
1.6300325677352467e+00
1.7143434254775098e+00
1.7137254586967339e+00
1.7626223591426737e+00
1.7934223169721148e+00
1.8074819061202549e+00
1.8655692069110263e+00
1.8460819519149452e+00
1.9257863941823521e+00
1.8758475525321425e+00
1.9693348851411523e+00
1.8946556641689352e+00
1.9922303115623554e+00
1.9010910730773949e+00
1.9922303115623556e+00
1.8946556641689352e+00
1.9693348851411523e+00
1.8758475525321425e+00
1.9257863941823521e+00
1.8460819519149450e+00
1.8655692069110263e+00
1.8074819061202549e+00
1.7934223169721148e+00
1.7626223591426737e+00
1.7137254586967337e+00
1.7143434254775098e+00
1.6300325677352467e+00
1.6657117337478651e+00
1.5458446790249731e+00
1.6200878785200827e+00
1.4662321592507808e+00
1.5811236399278290e+00
1.3988728145716267e+00
1.5524882220663048e+00
1.3530798306985687e+00
1.5372734641635639e+00
1.3729574400000000e+00
1.6284835625140186e+00
1.5150731097638537e+00
1.3642955947523119e+00
1.2006608849182931e+00
1.3729574400000000e+00
1.8401659950817071e+00
1.9162801589720821e+00
1.4010267210279181e+00
1.7371295223342771e+00
1.4010267210279181e+00
1.9162801589720817e+00
1.7257366465623858e+00
1.8133435763500358e+00
1.6563697991700916e+00
1.7587666538452098e+00
1.6064000132300698e+00
1.6897854634388338e+00
1.5447793741476048e+00
1.6064000132300698e+00
1.4715079161301725e+00
1.5086103164694458e+00
1.3865856192238513e+00
1.3964163595343217e+00
1.2900124834286404e+00
1.2698180467232056e+00
1.1961046668499642e+00
1.5037005964767940e+00
1.1000000000000001e+00
1.1000000000000001e+00
1.1000000000000001e+00
1.1000000000000001e+00
1.1000000000000001e+00
1.1000000000000001e+00
