1.2236246418177898e+00
1.2906292744853052e+00
1.2659653608706658e+00
1.3458947265153123e+00
1.3104341116102451e+00
1.4010564481636203e+00
1.3522065489581911e+00
1.4552995699073739e+00
1.3887731245000827e+00
1.5077933928476657e+00
1.4151669209863573e+00
1.5594659057976490e+00
1.4447069292410588e+00
1.6108839020365675e+00
1.4691750668580015e+00
1.7710809157908787e+00
1.2833758280886767e+00
1.7041176997667313e+00
1.8744362915170369e+00
1.8735240033876459e+00
1.3757682496559367e+00
1.3365556560224261e+00
1.7261040160214716e+00
1.4942488140168402e+00
1.3022497300636111e+00
1.8785392451714407e+00
1.7663920553640979e+00
1.6446165803582751e+00
1.5140562255937700e+00
1.3637429211428864e+00
1.3795697436439101e+00
1.3873427524425774e+00
1.3862467862467232e+00
1.3774754107287905e+00
1.5220356766308965e+00
1.6479578670755977e+00
1.7560385086791632e+00
1.7788598968043579e+00
1.8103171702284666e+00
1.7805834008937955e+00
1.7853664658913335e+00
1.4835463008341223e+00
1.4786045340090772e+00
1.4663548969842584e+00
1.6978293403381475e+00
1.8129299019287635e+00
1.9015684644952775e+00
1.9683385211669782e+00
1.9678520031195470e+00
1.9662683710787836e+00
1.9665485561867253e+00
1.9623797594606978e+00
1.9566606050165924e+00
1.9531369302106991e+00
1.9534887788209367e+00
1.9607028164274958e+00
1.9682717010473170e+00
1.9682688454499890e+00
1.9683870856111152e+00
1.9678142415825588e+00
1.9645556669136579e+00
1.9645711295840811e+00
1.9693436071748107e+00
1.9641459413134319e+00
1.9646621092448757e+00
1.9699783917764409e+00
1.9684902450898207e+00
1.9655209213451865e+00
1.9668913213020141e+00
1.9684256236188606e+00
1.9664453236500474e+00
1.9675027923410870e+00
1.3054521519305458e+00
1.4701129889577249e+00
1.3153387078693977e+00
1.4817999572476670e+00
1.3463736098037071e+00
1.5049231364123912e+00
1.4031647255562727e+00
1.5370748130187577e+00
1.4670246694258902e+00
1.5756545540470182e+00
1.5438573630429906e+00
1.6189741800112409e+00
1.6255172510535183e+00
1.6636942439108997e+00
1.7046543407958681e+00
1.7068869406986369e+00
1.7774582124694669e+00
1.7460317069253075e+00
1.8399263064992806e+00
1.7790107504299921e+00
1.8906264109000745e+00
1.8037359590391389e+00
1.9237372405411368e+00
1.8188579880411027e+00
1.9416451437443447e+00
1.8236439653046412e+00
1.9407064759075683e+00
1.8174612846313449e+00
1.9205228310486688e+00
1.8008466387054867e+00
1.8841487331638334e+00
1.7744818521416017e+00
1.8288363538158037e+00
1.7396933149689109e+00
1.7601337649723539e+00
1.6991535416155168e+00
1.6846484527202750e+00
1.6561963752926587e+00
1.6118855596517092e+00
1.6134254256567531e+00
1.5407982121132091e+00
1.5720180071176997e+00
1.4679314271885588e+00
1.5337177986955262e+00
1.3980912967601560e+00
1.5017956761547249e+00
1.3431884612921177e+00
1.4798604724930249e+00
1.3135238746918763e+00
1.4694401148938436e+00
1.3635897770403329e+00
1.5895114944860123e+00
1.4719500227242226e+00
1.3408319630612153e+00
1.2404674595545253e+00
1.3659240917015492e+00
1.7838725550335983e+00
1.8607794862406148e+00
1.3779588858133756e+00
1.7257130764678761e+00
1.3819654438422160e+00
1.8748832164026212e+00
1.6842860892765987e+00
1.7520687928716403e+00
1.6020959804239876e+00
1.6984177613030258e+00
1.5556927917016796e+00
1.6467472060182569e+00
1.5093315834129983e+00
1.5938391589433496e+00
1.4607611685004633e+00
1.5226509512693187e+00
1.4104869098176966e+00
1.4547737052474772e+00
1.3598091034043962e+00
1.3803187704081157e+00
1.3056948500315342e+00
1.2818786429707543e+00
1.2383026597072961e+00
1.4690183027296240e+00
1.1000000000000001e+00
1.1000000000000001e+00
1.1000000000000001e+00
1.1000000000000001e+00
1.1000000000000001e+00
1.1000000000000001e+00
