1.1961046668499642e+00
1.2826685180731516e+00
1.2580141068294830e+00
1.3668721576728775e+00
1.3139344923785916e+00
1.4425159803670511e+00
1.3638658186013997e+00
1.5096000000000001e+00
1.4078081001855776e+00
1.5681242392042170e+00
1.4457613333828829e+00
1.6180886682043512e+00
1.4777255084015348e+00
1.6594932870004029e+00
1.5037005964767942e+00
1.8133435763500358e+00
1.2698180467232056e+00
1.7755494782240506e+00
1.9162801589720821e+00
1.9162801589720819e+00
1.4010267210279184e+00
1.3372075630815909e+00
1.7432247165316044e+00
1.5415872905881498e+00
1.2628479789350113e+00
1.9162801589720821e+00
1.8239007194860413e+00
1.7072320000000003e+00
1.5662740005139593e+00
1.4010267210279184e+00
1.4132099272752541e+00
1.4172709960243659e+00
1.4132099272752541e+00
1.4010267210279184e+00
1.5662740005139593e+00
1.7072320000000003e+00
1.8239007194860410e+00
1.8531985563623734e+00
1.8629645019878174e+00
1.8116560227618281e+00
1.7895715707953190e+00
1.4852373176523972e+00
1.4975750580664760e+00
1.4852373176523970e+00
1.7201392121945183e+00
1.8392878206173560e+00
1.9336308605524128e+00
2.0225949431087638e+00
2.0229259221321731e+00
2.0235939415930950e+00
2.0239275953609335e+00
2.0235369844110620e+00
2.0226822670567102e+00
2.0220393650730708e+00
2.0220794513739890e+00
2.0226380522535119e+00
2.0230741260594511e+00
2.0228719073850776e+00
2.0221268943165822e+00
2.0214642514108094e+00
2.0214642514108094e+00
2.0221268943165822e+00
2.0228719073850776e+00
2.0230741260594511e+00
2.0226380522535119e+00
2.0220794513739886e+00
2.0220393650730708e+00
2.0226822670567102e+00
2.0235369844110620e+00
2.0239275953609335e+00
2.0235939415930950e+00
2.0229259221321731e+00
1.3364282476275109e+00
1.5366805074453125e+00
1.3502724790460370e+00
1.5496137118967170e+00
1.3895309304700936e+00
1.5741769247490032e+00
1.4483046418070371e+00
1.6080755332491781e+00
1.5192796147564631e+00
1.6484991726813885e+00
1.5959356946416969e+00
1.6925569357930841e+00
1.6736283881740950e+00
1.7375299805413289e+00
1.7492789970058396e+00
1.7809281995711184e+00
1.8202983080872346e+00
1.8204450734010691e+00
1.8836793026762653e+00
1.8539313956714867e+00
1.9358314237927903e+00
1.8794580953143567e+00
1.9731026998436243e+00
1.8954618078173353e+00
1.9925496071262803e+00
1.9009158582653849e+00
1.9925496071262803e+00
1.8954618078173351e+00
1.9731026998436243e+00
1.8794580953143565e+00
1.9358314237927905e+00
1.8539313956714869e+00
1.8836793026762653e+00
1.8204450734010691e+00
1.8202983080872346e+00
1.7809281995711184e+00
1.7492789970058396e+00
1.7375299805413289e+00
1.6736283881740950e+00
1.6925569357930841e+00
1.5959356946416967e+00
1.6484991726813880e+00
1.5192796147564627e+00
1.6080755332491776e+00
1.4483046418070362e+00
1.5741769247490027e+00
1.3895309304700929e+00
1.5496137118967166e+00
1.3502724790460361e+00
1.5366805074453118e+00
1.3729574400000000e+00
1.6515833690343054e+00
1.5308887139480429e+00
1.3690159313420331e+00
1.2006608849182931e+00
1.3729574400000000e+00
1.8401659950817071e+00
1.9162801589720821e+00
1.4010267210279181e+00
1.7596663969046042e+00
1.4010267210279181e+00
1.9162801589720817e+00
1.6986852275248352e+00
1.8133435763500358e+00
1.6594932463401135e+00
1.7674452502505553e+00
1.6180886300822244e+00
1.7109641963978115e+00
1.5681242165717244e+00
1.6439004223390339e+00
1.5095999999999998e+00
1.5662539054325344e+00
1.4425159505917002e+00
1.4780246390551248e+00
1.3668720909793179e+00
1.3792126383012646e+00
1.2826684211628527e+00
1.2698180467232056e+00
1.1961046668499642e+00
1.5037005964767940e+00
1.1000000000000001e+00
1.1000000000000001e+00
1.1000000000000001e+00
1.1000000000000001e+00
1.1000000000000001e+00
1.1000000000000001e+00
