1.1961046668499642e+00
1.2826685180731516e+00
1.2580141068294830e+00
1.3668721576728775e+00
1.3139344923785916e+00
1.4425159803670511e+00
1.3638658186013997e+00
1.5096000000000001e+00
1.4078081001855776e+00
1.5681242392042170e+00
1.4457613333828829e+00
1.6180886682043512e+00
1.4777255084015348e+00
1.6594932870004029e+00
1.5037005964767942e+00
1.8133435763500358e+00
1.2698180467232056e+00
1.7982121245444793e+00
1.9162801589720817e+00
1.9162801589720817e+00
1.4010267210279181e+00
1.3337545783620126e+00
1.7338614184622476e+00
1.5543549176263307e+00
1.2675564076042207e+00
1.9162801589720821e+00
1.8239007194860413e+00
1.7072320000000003e+00
1.5662740005139595e+00
1.4010267210279184e+00
1.4132099272752541e+00
1.4172709960243659e+00
1.4132099272752541e+00
1.4010267210279184e+00
1.5662740005139593e+00
1.7072320000000003e+00
1.8239007194860410e+00
1.8531985563623734e+00
1.8629645019878174e+00
1.8172687798292939e+00
1.7936631546147539e+00
1.4765796277611085e+00
1.4893947780213193e+00
1.4765796277611085e+00
1.7189373236893135e+00
1.8378550108285772e+00
1.9320152050202681e+00
2.0219809523809524e+00
2.0223095995937461e+00
2.0230116325979397e+00
2.0234805857865936e+00
2.0233113443310833e+00
2.0226501109333075e+00
2.0220681056235428e+00
2.0220681056235428e+00
2.0226501109333075e+00
2.0233113443310833e+00
2.0234805857865936e+00
2.0230116325979397e+00
2.0223095995937461e+00
2.0219809523809524e+00
2.0223095995937466e+00
2.0230116325979397e+00
2.0234805857865936e+00
2.0233113443310833e+00
2.0226501109333079e+00
2.0220681056235428e+00
2.0220681056235428e+00
2.0226501109333075e+00
2.0233113443310833e+00
2.0234805857865936e+00
2.0230116325979397e+00
2.0223095995937461e+00
1.3345328402815486e+00
1.5349287807470469e+00
1.3473718811073976e+00
1.5469291885529708e+00
1.3839306281613650e+00
1.5698073964871553e+00
1.4390741955790962e+00
1.6015686866044958e+00
1.5062930576278593e+00
1.6397364380767314e+00
1.5795864665299943e+00
1.6817243039135388e+00
1.6545156932477141e+00
1.7250715261958998e+00
1.7281207648699142e+00
1.7675156451284249e+00
1.7980905137162804e+00
1.8069637956741436e+00
1.8619077910304644e+00
1.8414573704143118e+00
1.9165170198681065e+00
1.8691985145196952e+00
1.9586045531557454e+00
1.8886507799173344e+00
1.9852105007364811e+00
1.8986793284810219e+00
1.9943163624519364e+00
1.8986793284810219e+00
1.9852105007364811e+00
1.8886507799173344e+00
1.9586045531557454e+00
1.8691985145196952e+00
1.9165170198681065e+00
1.8414573704143116e+00
1.8619077910304642e+00
1.8069637956741436e+00
1.7980905137162801e+00
1.7675156451284246e+00
1.7281207648699146e+00
1.7250715261958995e+00
1.6545156932477143e+00
1.6817243039135388e+00
1.5795864665299943e+00
1.6397364380767319e+00
1.5062930576278590e+00
1.6015686866044958e+00
1.4390741955790964e+00
1.5698073964871555e+00
1.3839306281613655e+00
1.5469291885529708e+00
1.3473718811073980e+00
1.5349287807470473e+00
1.3729574400000002e+00
1.6741218530099373e+00
1.5461278333134607e+00
1.3729538576231315e+00
1.2006608849182931e+00
1.3729574400000000e+00
1.8401659950817071e+00
1.9162801589720821e+00
1.4010267210279181e+00
1.7810590644862916e+00
1.4010267210279181e+00
1.9162801589720817e+00
1.6707702878043129e+00
1.8133435763500358e+00
1.6594932463401135e+00
1.7674452502505553e+00
1.6180886300822244e+00
1.7109641963978115e+00
1.5681242165717244e+00
1.6439004223390339e+00
1.5095999999999998e+00
1.5662539054325344e+00
1.4425159505917002e+00
1.4780246390551248e+00
1.3668720909793179e+00
1.3792126383012646e+00
1.2826684211628527e+00
1.2698180467232056e+00
1.1961046668499642e+00
1.5037005964767940e+00
1.1000000000000001e+00
1.1000000000000001e+00
1.1000000000000001e+00
1.1000000000000001e+00
1.1000000000000001e+00
1.1000000000000001e+00
