1.2234568317183527e+00
1.2903774809064010e+00
1.2657989766190019e+00
1.3456548355394529e+00
1.3102737770222710e+00
1.4008290551316958e+00
1.3520529983058716e+00
1.4550846408565064e+00
1.3886253178378025e+00
1.5075905619443217e+00
1.4150226057200490e+00
1.5592734566307052e+00
1.4445529102739953e+00
1.6106944915250816e+00
1.4689584515275522e+00
1.7708981796687677e+00
1.2830192174914756e+00
1.7284673396177612e+00
1.8744541481112853e+00
1.8871856289389799e+00
1.3728503209694238e+00
1.3401309613718881e+00
1.7027758518972269e+00
1.5024054748595583e+00
1.3075698413060710e+00
1.8787523277478140e+00
1.7658819097295142e+00
1.6441293288168235e+00
1.5136601748844947e+00
1.3636980071206459e+00
1.3797373230529226e+00
1.3876011837662043e+00
1.3865679955133883e+00
1.3779308758230053e+00
1.5218626012579202e+00
1.6469460033183243e+00
1.7533326715993818e+00
1.7783435563344483e+00
1.8116409185215729e+00
1.7845173378659853e+00
1.8008536243677753e+00
1.4691838252678568e+00
1.4785572972473244e+00
1.4612923615853959e+00
1.6984354454088850e+00
1.8128498893313674e+00
1.9011997597172687e+00
1.9693301923868693e+00
1.9689351687319756e+00
1.9687580986096358e+00
1.9710894457367580e+00
1.9685498314117384e+00
1.9635190909115805e+00
1.9574715670052965e+00
1.9583085135923133e+00
1.9616547833737685e+00
1.9666717620622611e+00
1.9725924564525552e+00
1.9716333271958844e+00
1.9716797422456711e+00
1.9644087467756477e+00
1.9647481899244570e+00
1.9694269307083112e+00
1.9668505280116073e+00
1.9637511773952330e+00
1.9640309496739112e+00
1.9698977035130412e+00
1.9700603709564259e+00
1.9671173861613469e+00
1.9676862525888092e+00
1.9694921156896048e+00
1.9676738742212070e+00
1.9683458238672880e+00
1.3032117081364090e+00
1.4669825241827550e+00
1.3123277525123191e+00
1.4776501292483744e+00
1.3409849944732151e+00
1.4988989414577207e+00
1.3933382864010118e+00
1.5284668372019590e+00
1.4510194115982675e+00
1.5642797387018763e+00
1.5227103424978878e+00
1.6050765933873297e+00
1.5998007355133839e+00
1.6480473407807288e+00
1.6781911560789842e+00
1.6904552184541850e+00
1.7507292394520659e+00
1.7299184048759757e+00
1.8165618438794773e+00
1.7643214905900497e+00
1.8701480630815763e+00
1.7914679278303343e+00
1.9082641547576971e+00
1.8103263790375059e+00
1.9338597513203273e+00
1.8200195351812130e+00
1.9423060321412091e+00
1.8195781593930804e+00
1.9324973985246414e+00
1.8089842708786443e+00
1.9052148781354785e+00
1.7891964018822706e+00
1.8650056278366562e+00
1.7606257548048307e+00
1.8044084504757101e+00
1.7249145002671125e+00
1.7365741566987554e+00
1.6849854736374839e+00
1.6636575290303544e+00
1.6434690906279130e+00
1.5945512294598234e+00
1.6024555661141973e+00
1.5256316006451498e+00
1.5628782606281497e+00
1.4551245467426912e+00
1.5266243244529971e+00
1.3890860270632255e+00
1.4967274100358496e+00
1.3379708361708773e+00
1.4762887294129936e+00
1.3107517668560607e+00
1.4665180615579723e+00
1.3645152912817777e+00
1.6093779828759158e+00
1.4832480148310518e+00
1.3423237555219942e+00
1.2396839997781779e+00
1.3666255914459267e+00
1.7826766389577744e+00
1.8590934693455314e+00
1.3784780242013641e+00
1.7524886276471447e+00
1.3821392083609521e+00
1.8741518013417866e+00
1.6651969661758761e+00
1.7530410878123706e+00
1.6024399119362467e+00
1.6988908765595467e+00
1.5559305199389866e+00
1.6470027923795301e+00
1.5095103895335318e+00
1.5940210959269421e+00
1.4609058569437030e+00
1.5228385993875517e+00
1.4106045260321429e+00
1.4549511131041539e+00
1.3598965513627463e+00
1.3804740251237282e+00
1.3057498973212465e+00
1.2820035656344393e+00
1.2383489113569441e+00
1.4689995494808310e+00
1.1000000000000001e+00
1.1000000000000001e+00
1.1000000000000001e+00
1.1000000000000001e+00
1.1000000000000001e+00
1.1000000000000001e+00
