1.1961046668499642e+00
1.2771215768473780e+00
1.2506029509124341e+00
1.3517359834624130e+00
1.3005158655865852e+00
1.4197967900774480e+00
1.3458434108724171e+00
1.4813039966924828e+00
1.3865855867699304e+00
1.5362576033075175e+00
1.4227423932791246e+00
1.5846576099225524e+00
1.4543138304000001e+00
1.6265040165375870e+00
1.4812998981325565e+00
1.6617968231526219e+00
1.5037005964767942e+00
1.8133435763500358e+00
1.2698180467232056e+00
1.8192097280178090e+00
1.9162801589720817e+00
1.9162801589720817e+00
1.4010267210279181e+00
1.3302286969383972e+00
1.7243004497909031e+00
1.5669248740625239e+00
1.2721919395693930e+00
1.9162801589720821e+00
1.8239007194860413e+00
1.7072320000000003e+00
1.5662740005139595e+00
1.4010267210279184e+00
1.4132099272752541e+00
1.4172709960243659e+00
1.4132099272752541e+00
1.4010267210279184e+00
1.5662740005139593e+00
1.7072320000000003e+00
1.8239007194860410e+00
1.8531985563623734e+00
1.8629645019878174e+00
1.8228263711272485e+00
1.7976405355564522e+00
1.4678783886070692e+00
1.4811593322066507e+00
1.4678783886070692e+00
1.7177001290916212e+00
1.8363801115159364e+00
1.9303520887765862e+00
2.0219809523809524e+00
2.0222674282503590e+00
2.0229111336858736e+00
2.0234273453653548e+00
2.0234273453653548e+00
2.0229111336858732e+00
2.0222674282503590e+00
2.0219809523809524e+00
2.0222674282503590e+00
2.0229111336858736e+00
2.0234273453653548e+00
2.0234273453653548e+00
2.0229111336858736e+00
2.0222674282503590e+00
2.0219809523809524e+00
2.0222674282503590e+00
2.0229111336858736e+00
2.0234273453653548e+00
2.0234273453653548e+00
2.0229111336858732e+00
2.0222674282503590e+00
2.0219809523809524e+00
2.0222674282503590e+00
2.0229111336858732e+00
2.0234273453653548e+00
2.0234273453653548e+00
2.0229111336858732e+00
2.0222674282503590e+00
1.3345328402815482e+00
1.5347187006349574e+00
1.3456234596065362e+00
1.5450947919578566e+00
1.3774258187333048e+00
1.5650043302922823e+00
1.4260159976502718e+00
1.5929266272871065e+00
1.4862301473642476e+00
1.6269284385065674e+00
1.5530290334792280e+00
1.6649350104226901e+00
1.6224186781130643e+00
1.7049255509490833e+00
1.6916317448747149e+00
1.7450204349053864e+00
1.7586880801733558e+00
1.7834817774598899e+00
1.8217363394124821e+00
1.8186816159713275e+00
1.8785947707345900e+00
1.8490912036705989e+00
1.9267006024812110e+00
1.8733188493979909e+00
1.9634128011285497e+00
1.8901915012688231e+00
1.9864577201094105e+00
1.8988538261968830e+00
1.9943163624519364e+00
1.8988538261968828e+00
1.9864577201094107e+00
1.8901915012688231e+00
1.9634128011285499e+00
1.8733188493979913e+00
1.9267006024812110e+00
1.8490912036705991e+00
1.8785947707345902e+00
1.8186816159713275e+00
1.8217363394124826e+00
1.7834817774598899e+00
1.7586880801733562e+00
1.7450204349053862e+00
1.6916317448747151e+00
1.7049255509490830e+00
1.6224186781130645e+00
1.6649350104226901e+00
1.5530290334792278e+00
1.6269284385065674e+00
1.4862301473642474e+00
1.5929266272871061e+00
1.4260159976502713e+00
1.5650043302922820e+00
1.3774258187333039e+00
1.5450947919578566e+00
1.3456234596065355e+00
1.5347187006349572e+00
1.3729574400000002e+00
1.6960834838347845e+00
1.5607904678601061e+00
1.3761272090856509e+00
1.2006608849182931e+00
1.3729574400000000e+00
1.8401659950817071e+00
1.9162801589720821e+00
1.4010267210279181e+00
1.8012991508918241e+00
1.4010267210279181e+00
1.9162801589720817e+00
1.6420168298062419e+00
1.8133435763500358e+00
1.6617968231526219e+00
1.7737612858875658e+00
1.6265040165375870e+00
1.7260765952134149e+00
1.5846576099225522e+00
1.6702895043275827e+00
1.5362576033075173e+00
1.6064000132300698e+00
1.4813039966924826e+00
1.5344081219208756e+00
1.4197967900774475e+00
1.4543138303999998e+00
1.3517359834624130e+00
1.3661171386674436e+00
1.2771215768473783e+00
1.2698180467232056e+00
1.1961046668499642e+00
1.5037005964767940e+00
1.1000000000000001e+00
1.1000000000000001e+00
1.1000000000000001e+00
1.1000000000000001e+00
1.1000000000000001e+00
1.1000000000000001e+00
