1.2227270315785908e+00
1.2847136019140302e+00
1.2583383047890546e+00
1.3329714385742286e+00
1.2972435289641457e+00
1.3814329714938625e+00
1.3351713850356206e+00
1.4294389960746452e+00
1.3698011460888682e+00
1.4766132392061491e+00
1.3996908079342296e+00
1.5227286730864109e+00
1.4240120967417149e+00
1.5684242624282267e+00
1.4499829334692897e+00
1.6135912236744561e+00
1.4692975615875676e+00
1.7675141149555642e+00
1.2834818981587608e+00
1.7484077094174384e+00
1.8713920404449584e+00
1.8885115574209834e+00
1.3724682008207520e+00
1.3382445307136390e+00
1.6942350160049191e+00
1.5132009576489527e+00
1.3112323850837022e+00
1.8769825331034415e+00
1.7628935988007568e+00
1.6421284164256305e+00
1.5127779407264745e+00
1.3636620938927466e+00
1.3797579926103563e+00
1.3877988084551414e+00
1.3869828668542927e+00
1.3785146158793635e+00
1.5218856377884622e+00
1.6464030769872551e+00
1.7529324132602722e+00
1.7763888335484441e+00
1.8109914867353949e+00
1.7891772632363967e+00
1.8073075747627474e+00
1.4622966445417125e+00
1.4721437993249542e+00
1.4536686764098858e+00
1.6973281379873635e+00
1.8107380966662374e+00
1.8982773325608520e+00
1.9686518338372498e+00
1.9683188867639965e+00
1.9682361610477002e+00
1.9699677608956578e+00
1.9682275425540041e+00
1.9653666403219312e+00
1.9596122973335277e+00
1.9567564423646380e+00
1.9565822142093734e+00
1.9610231937670011e+00
1.9649998833438524e+00
1.9709123310917773e+00
1.9694906044945604e+00
1.9689828013784243e+00
1.9623255658144321e+00
1.9618899851543339e+00
1.9637871062695804e+00
1.9685862154599176e+00
1.9630539869005645e+00
1.9616459979263368e+00
1.9630165126391590e+00
1.9719413467759650e+00
1.9661811889002250e+00
1.9662481612289824e+00
1.9667445597387487e+00
1.9684634524948463e+00
1.9672447595335485e+00
1.9678088794636599e+00
1.3063699362640722e+00
1.4685592025721477e+00
1.3136995179538795e+00
1.4775975044959722e+00
1.3380181120679595e+00
1.4957507873882041e+00
1.3828923905029451e+00
1.5215254083941516e+00
1.4355535389415923e+00
1.5529384022685491e+00
1.4970940178708547e+00
1.5890532733900871e+00
1.5669709725589258e+00
1.6281236381794360e+00
1.6397719185844188e+00
1.6677551227503662e+00
1.7094780685532072e+00
1.7058501114666480e+00
1.7738781527049818e+00
1.7408402745720832e+00
1.8318186642542520e+00
1.7710949300726866e+00
1.8795356847900040e+00
1.7948100524566748e+00
1.9126754380330231e+00
1.8111089244977010e+00
1.9346076380094714e+00
1.8194363919496761e+00
1.9417769990364619e+00
1.8190804177369948e+00
1.9333859301308676e+00
1.8100097318337895e+00
1.9098105953094786e+00
1.7928919847581692e+00
1.8743689661176657e+00
1.7682779405980507e+00
1.8236798187072729e+00
1.7370376368497040e+00
1.7618643142667529e+00
1.7011584534602122e+00
1.6945784197126394e+00
1.6630012924707636e+00
1.6281602010295066e+00
1.6246760624962076e+00
1.5649075067687228e+00
1.5873497024835332e+00
1.5016070570681588e+00
1.5520378039446618e+00
1.4394053107725722e+00
1.5206893421716581e+00
1.3852010096683034e+00
1.4950012881995058e+00
1.3391611135299217e+00
1.4770618950788139e+00
1.3140081341301229e+00
1.4683589594535724e+00
1.3654566598747595e+00
1.6275096244360767e+00
1.4935114272694761e+00
1.3434370056931242e+00
1.2388049318294228e+00
1.3669408344332195e+00
1.7790517563182111e+00
1.8580134889017377e+00
1.3786313534772749e+00
1.7781084641074945e+00
1.3818430692080781e+00
1.8757802310108029e+00
1.6446934533111477e+00
1.7509053504741203e+00
1.6013235920186013e+00
1.7020180644237632e+00
1.5607840187100652e+00
1.6559084869555709e+00
1.5204583744505351e+00
1.6094401116619432e+00
1.4798109745539179e+00
1.5603925980895406e+00
1.4376929718138218e+00
1.4994978146278004e+00
1.3944655829215442e+00
1.4396360598002382e+00
1.3505328914522277e+00
1.3719678708347844e+00
1.3035777452101343e+00
1.2821611885461115e+00
1.2375779655681565e+00
1.4665454493310075e+00
1.1000000000000001e+00
1.1000000000000001e+00
1.1000000000000001e+00
1.1000000000000001e+00
1.1000000000000001e+00
1.1000000000000001e+00
