1.1961046668499642e+00
1.2771215768473780e+00
1.2506029509124341e+00
1.3517359834624130e+00
1.3005158655865852e+00
1.4197967900774480e+00
1.3458434108724171e+00
1.4813039966924828e+00
1.3865855867699304e+00
1.5362576033075175e+00
1.4227423932791246e+00
1.5846576099225524e+00
1.4543138304000001e+00
1.6265040165375870e+00
1.4812998981325565e+00
1.6617968231526219e+00
1.5037005964767942e+00
1.8133435763500358e+00
1.2698180467232056e+00
1.8384862866345153e+00
1.9162801589720819e+00
1.9162801589720819e+00
1.4010267210279181e+00
1.3266299188107447e+00
1.7145418105175707e+00
1.5792971598967291e+00
1.2767545748305282e+00
1.9162801589720819e+00
1.8239007194860410e+00
1.7072320000000003e+00
1.5662740005139590e+00
1.4010267210279184e+00
1.4132099272752541e+00
1.4172709960243659e+00
1.4132099272752541e+00
1.4010267210279184e+00
1.5662740005139593e+00
1.7072320000000003e+00
1.8239007194860410e+00
1.8531985563623734e+00
1.8629645019878174e+00
1.8283287966556918e+00
1.8015031137795998e+00
1.4591352830599840e+00
1.4728687206224713e+00
1.4591352830599840e+00
1.7164276284014419e+00
1.8348631226794332e+00
1.9286415118213669e+00
2.0219809523809524e+00
2.0222327014641679e+00
2.0228213565807884e+00
2.0233573818078141e+00
2.0234860684615597e+00
2.0231222595918368e+00
2.0225067016388980e+00
2.0220467331760230e+00
2.0220467331760230e+00
2.0225067016388980e+00
2.0231222595918368e+00
2.0234860684615597e+00
2.0233573818078141e+00
2.0228213565807884e+00
2.0222327014641683e+00
2.0219809523809524e+00
2.0222327014641683e+00
2.0228213565807884e+00
2.0233573818078141e+00
2.0234860684615601e+00
2.0231222595918368e+00
2.0225067016388980e+00
2.0220467331760235e+00
2.0220467331760235e+00
2.0225067016388980e+00
2.0231222595918368e+00
2.0234860684615597e+00
2.0233573818078141e+00
2.0228213565807884e+00
2.0222327014641679e+00
1.3345328402815491e+00
1.5345491323809304e+00
1.3442082616658155e+00
1.5436081948435412e+00
1.3721110515674515e+00
1.5610819066481019e+00
1.4151965765458563e+00
1.5857924478028258e+00
1.4693349516640430e+00
1.6162127216896045e+00
1.5303043991260488e+00
1.6506646566578613e+00
1.5945534865985853e+00
1.6874767948509826e+00
1.6594907179858214e+00
1.7250715261959000e+00
1.7233016797253478e+00
1.7619852814026760e+00
1.7845005628045532e+00
1.7968502380214111e+00
1.8414973841988620e+00
1.8283740293338826e+00
1.8923899326532581e+00
1.8553446573715777e+00
1.9350354138370180e+00
1.8766692797820226e+00
1.9673173297218118e+00
1.8914380489804468e+00
1.9874655739970515e+00
1.8989946471683599e+00
1.9943163624519364e+00
1.8989946471683599e+00
1.9874655739970515e+00
1.8914380489804468e+00
1.9673173297218116e+00
1.8766692797820226e+00
1.9350354138370178e+00
1.8553446573715777e+00
1.8923899326532578e+00
1.8283740293338826e+00
1.8414973841988620e+00
1.7968502380214111e+00
1.7845005628045534e+00
1.7619852814026760e+00
1.7233016797253478e+00
1.7250715261959000e+00
1.6594907179858216e+00
1.6874767948509828e+00
1.5945534865985855e+00
1.6506646566578616e+00
1.5303043991260492e+00
1.6162127216896049e+00
1.4693349516640437e+00
1.5857924478028260e+00
1.4151965765458572e+00
1.5610819066481025e+00
1.3721110515674526e+00
1.5436081948435414e+00
1.3442082616658166e+00
1.5345491323809310e+00
1.3729574400000002e+00
1.7174530170035676e+00
1.5748766175879800e+00
1.3785541073204841e+00
1.2006608849182931e+00
1.3729574400000000e+00
1.8401659950817071e+00
1.9162801589720821e+00
1.4010267210279181e+00
1.8203794505463433e+00
1.4010267210279181e+00
1.9162801589720817e+00
1.6124510245487027e+00
1.8133435763500358e+00
1.6617968231526219e+00
1.7737612858875658e+00
1.6265040165375870e+00
1.7260765952134149e+00
1.5846576099225522e+00
1.6702895043275827e+00
1.5362576033075173e+00
1.6064000132300698e+00
1.4813039966924826e+00
1.5344081219208756e+00
1.4197967900774475e+00
1.4543138303999998e+00
1.3517359834624130e+00
1.3661171386674436e+00
1.2771215768473783e+00
1.2698180467232056e+00
1.1961046668499642e+00
1.5037005964767940e+00
1.1000000000000001e+00
1.1000000000000001e+00
1.1000000000000001e+00
1.1000000000000001e+00
1.1000000000000001e+00
1.1000000000000001e+00
