1.2227753333339102e+00
1.2847989448237043e+00
1.2583155791850507e+00
1.3329181831567736e+00
1.2971232750332382e+00
1.3812380238413864e+00
1.3349491646664786e+00
1.4291025821915209e+00
1.3694836574365459e+00
1.4761373246776113e+00
1.3992910086960169e+00
1.5221147013788192e+00
1.4235314638839212e+00
1.5676700525657985e+00
1.4493981802677822e+00
1.6126902135188472e+00
1.4685663533830347e+00
1.7662998044773826e+00
1.2837039740782554e+00
1.7678796361378888e+00
1.8683884276530554e+00
1.8903723338848144e+00
1.3719401213238824e+00
1.3362733531436239e+00
1.6845264076777930e+00
1.5242183784050343e+00
1.3146462322082362e+00
1.8775044523880791e+00
1.7613185553774096e+00
1.6406840891500034e+00
1.5116460678957917e+00
1.3632917354221505e+00
1.3796253338171369e+00
1.3877951144911498e+00
1.3870834103780154e+00
1.3787839479917503e+00
1.5214137791476396e+00
1.6451052944455187e+00
1.7507227137980006e+00
1.7746150386249280e+00
1.8111070218273231e+00
1.7939679166310294e+00
1.8133888849087494e+00
1.4548384516102377e+00
1.4657165918925930e+00
1.4464499109480236e+00
1.6968397468748047e+00
1.8094961126383262e+00
1.8965525480290029e+00
1.9683366563224383e+00
1.9681052313820300e+00
1.9685612707313314e+00
1.9714814408733998e+00
1.9691400193671753e+00
1.9671896031045595e+00
1.9620332968436440e+00
1.9567045597717494e+00
1.9565494769981113e+00
1.9582529512543516e+00
1.9625816335084225e+00
1.9676944934905503e+00
1.9675923461728830e+00
1.9676717940394279e+00
1.9676077314663525e+00
1.9619064637635042e+00
1.9616471940900098e+00
1.9631298865421010e+00
1.9670647586151584e+00
1.9616295721266945e+00
1.9609181631929589e+00
1.9622995067832700e+00
1.9689739592566704e+00
1.9693379051557638e+00
1.9660552681088166e+00
1.9663398240818160e+00
1.9667772925532403e+00
1.9699028190969494e+00
1.9676465660146807e+00
1.9676583082866990e+00
1.3071040319608971e+00
1.4680991583390814e+00
1.3136422421757978e+00
1.4760159287918817e+00
1.3348778991803518e+00
1.4918285129744795e+00
1.3738420474346127e+00
1.5145211981796158e+00
1.4214968328205606e+00
1.5422855015099259e+00
1.4746015597431017e+00
1.5744571082227456e+00
1.5377035234233691e+00
1.6100435752113305e+00
1.6054777666007873e+00
1.6469978899398299e+00
1.6724160119326588e+00
1.6835560581334110e+00
1.7365904068829285e+00
1.7182610561790772e+00
1.7956621443106602e+00
1.7494281215770680e+00
1.8448366844436692e+00
1.7756471392380051e+00
1.8836789004672290e+00
1.7963505402923334e+00
1.9147911872089547e+00
1.8108405732644650e+00
1.9346672911365614e+00
1.8181431872925318e+00
1.9410413996904106e+00
1.8177999103749622e+00
1.9335833546471579e+00
1.8097968372388546e+00
1.9123700724222041e+00
1.7945791446134249e+00
1.8795698159727825e+00
1.7731317381272553e+00
1.8387007697434949e+00
1.7457301198750093e+00
1.7825818592563625e+00
1.7134458685104617e+00
1.7213226894369558e+00
1.6784348433379883e+00
1.6576896614762826e+00
1.6426283006518758e+00
1.5985458617162727e+00
1.6072945746297629e+00
1.5393099732736506e+00
1.5730372716666610e+00
1.4799553024354430e+00
1.5411171320848847e+00
1.4232324908443770e+00
1.5132906987224581e+00
1.3752230593609578e+00
1.4908688463524993e+00
1.3354078438103589e+00
1.4753643365678819e+00
1.3136851425970721e+00
1.4678642417314527e+00
1.3662250467054695e+00
1.6454630573904867e+00
1.5038022855379163e+00
1.3447334952462002e+00
1.2379320069900346e+00
1.3674376923942784e+00
1.7758505263727047e+00
1.8548866332216210e+00
1.3790072187261064e+00
1.8039619475829385e+00
1.3820056133204994e+00
1.8736202587939457e+00
1.6263493295568929e+00
1.7508902190819093e+00
1.6010812906657783e+00
1.7016975202129176e+00
1.5605233580939739e+00
1.6554843145401199e+00
1.5202115424426366e+00
1.6090324051424618e+00
1.4795981819361301e+00
1.5600833711846429e+00
1.4375241517496578e+00
1.4993043852539913e+00
1.3943397965971387e+00
1.4395317219023678e+00
1.3504465556332996e+00
1.3719434981251921e+00
1.3035313331094409e+00
1.2822306394400258e+00
1.2375669457796534e+00
1.4662385480997271e+00
1.1000000000000001e+00
1.1000000000000001e+00
1.1000000000000001e+00
1.1000000000000001e+00
1.1000000000000001e+00
1.1000000000000001e+00
