1.1961046668499644e+00
1.2727841742698724e+00
1.2447740243602072e+00
1.3397553630157895e+00
1.2898203739047052e+00
1.4015484002358711e+00
1.3312437181396384e+00
1.4581632763525034e+00
1.3690440490964653e+00
1.5096000000000001e+00
1.4032213812546199e+00
1.5558585946045040e+00
1.4337757116988021e+00
1.5969390311843152e+00
1.4607070307760561e+00
1.6328413097394341e+00
1.4840153384863815e+00
1.6635654302698604e+00
1.5037005964767942e+00
1.8133435763500358e+00
1.2698180467232056e+00
1.8559908662645044e+00
1.9162801589720821e+00
1.9162801589720819e+00
1.4010267210279186e+00
1.3229582439790548e+00
1.7045855006422503e+00
1.5914717751289469e+00
1.2812443133876261e+00
1.9162801589720821e+00
1.8239007194860410e+00
1.7072320000000003e+00
1.5662740005139593e+00
1.4010267210279181e+00
1.4132099272752539e+00
1.4172709960243657e+00
1.4132099272752539e+00
1.4010267210279181e+00
1.5662740005139593e+00
1.7072320000000003e+00
1.8239007194860408e+00
1.8531985563623730e+00
1.8629645019878172e+00
1.8337760564146235e+00
1.8052503077029551e+00
1.4503520122491296e+00
1.4645229432687803e+00
1.4503520122491296e+00
1.7151198216187753e+00
1.8333040443190680e+00
1.9268834741546104e+00
2.0219809523809524e+00
2.0222038064760532e+00
2.0227418238548753e+00
2.0232798412336979e+00
2.0235026953287982e+00
2.0232798412336979e+00
2.0227418238548753e+00
2.0222038064760532e+00
2.0219809523809524e+00
2.0222038064760532e+00
2.0227418238548753e+00
2.0232798412336979e+00
2.0235026953287987e+00
2.0232798412336974e+00
2.0227418238548753e+00
2.0222038064760532e+00
2.0219809523809524e+00
2.0222038064760532e+00
2.0227418238548758e+00
2.0232798412336979e+00
2.0235026953287982e+00
2.0232798412336979e+00
2.0227418238548753e+00
2.0222038064760532e+00
2.0219809523809524e+00
2.0222038064760532e+00
2.0227418238548753e+00
2.0232798412336979e+00
2.0235026953287987e+00
2.0232798412336979e+00
2.0227418238548758e+00
2.0222038064760532e+00
1.3345328402815479e+00
1.5344102957742707e+00
1.3430469142307031e+00
1.5423870441373548e+00
1.3677159392693703e+00
1.5578395567584871e+00
1.4061446059326541e+00
1.5798424807498084e+00
1.4550020695649544e+00
1.6071761182752240e+00
1.5107507788910202e+00
1.6384725806774973e+00
1.5702609040338706e+00
1.6723409036770478e+00
1.6311254685362249e+00
1.7074471085881888e+00
1.6916317448747145e+00
1.7425449467815097e+00
1.7504852259507531e+00
1.7764709231011453e+00
1.8064617080984333e+00
1.8081265526268324e+00
1.8581548856317971e+00
1.8364695840115488e+00
1.9039100971157905e+00
1.8605267706801070e+00
1.9419376124652024e+00
1.8794290339171256e+00
1.9705299615205274e+00
1.8924606387739045e+00
1.9882915342060494e+00
1.8991099288087376e+00
1.9943163624519367e+00
1.8991099288087376e+00
1.9882915342060494e+00
1.8924606387739045e+00
1.9705299615205276e+00
1.8794290339171256e+00
1.9419376124652024e+00
1.8605267706801074e+00
1.9039100971157907e+00
1.8364695840115490e+00
1.8581548856317971e+00
1.8081265526268329e+00
1.8064617080984333e+00
1.7764709231011455e+00
1.7504852259507535e+00
1.7425449467815097e+00
1.6916317448747149e+00
1.7074471085881888e+00
1.6311254685362251e+00
1.6723409036770478e+00
1.5702609040338706e+00
1.6384725806774973e+00
1.5107507788910199e+00
1.6071761182752238e+00
1.4550020695649537e+00
1.5798424807498077e+00
1.4061446059326532e+00
1.5578395567584864e+00
1.3677159392693696e+00
1.5423870441373542e+00
1.3430469142307015e+00
1.5344102957742700e+00
1.3729574400000000e+00
1.7382154941118548e+00
1.5883862824970820e+00
1.3802529600193736e+00
1.2006608849182931e+00
1.3729574400000000e+00
1.8401659950817071e+00
1.9162801589720821e+00
1.4010267210279181e+00
1.8382939264876470e+00
1.4010267210279181e+00
1.9162801589720817e+00
1.5821002116624310e+00
1.8133435763500358e+00
1.6635653765017324e+00
1.7785594364071344e+00
1.6328412605953218e+00
1.7373733999052874e+00
1.5969389898875856e+00
1.6897854634388338e+00
1.5558585711783608e+00
1.6357956372247542e+00
1.5095999999999998e+00
1.5754038982534047e+00
1.4581632473708035e+00
1.5086102413734179e+00
1.4015483367169148e+00
1.4354146819245543e+00
1.3397552680383333e+00
1.3558172199068148e+00
1.2727840413350593e+00
1.2698180467232063e+00
1.1961046668499646e+00
1.5037005964767940e+00
1.1000000000000001e+00
1.1000000000000001e+00
1.1000000000000001e+00
1.1000000000000001e+00
1.1000000000000001e+00
1.1000000000000001e+00
