1.2224459779475203e+00
1.2808072922334988e+00
1.2526870153782441e+00
1.3231734853520405e+00
1.2867715293442497e+00
1.3658817272183454e+00
1.3209960237994058e+00
1.4084064261960834e+00
1.3532825607416052e+00
1.4504400765283663e+00
1.3823264658470071e+00
1.4917782943290527e+00
1.4071839632868781e+00
1.5324934761956779e+00
1.4295954092718970e+00
1.5730036648328558e+00
1.4524189168099713e+00
1.6128361210415880e+00
1.4675958539593625e+00
1.7606212719613625e+00
1.2849285343421926e+00
1.7788022311145160e+00
1.8617733322338925e+00
1.8768152372822193e+00
1.3745178041763262e+00
1.3273014436168193e+00
1.6911402440260865e+00
1.5413406703960348e+00
1.3147273539817448e+00
1.8730433676959810e+00
1.7557803324196517e+00
1.6366182275579475e+00
1.5092371139739444e+00
1.3627082861419526e+00
1.3791867320949285e+00
1.3875792927937554e+00
1.3871047361045890e+00
1.3789901608865998e+00
1.5204602187400771e+00
1.6429762091668159e+00
1.7472746931791918e+00
1.7709371002938250e+00
1.8105240546284709e+00
1.7994424018569375e+00
1.8068936045049548e+00
1.4568082380249261e+00
1.4508563533276362e+00
1.4360039960924373e+00
1.6938094152365877e+00
1.8053151625233594e+00
1.8904795146621463e+00
1.9653758545992266e+00
1.9647509597835842e+00
1.9638065274441667e+00
1.9632719004141908e+00
1.9654205352765652e+00
1.9615053626085019e+00
1.9567644681397642e+00
1.9512878593363134e+00
1.9490725615967637e+00
1.9487306693124831e+00
1.9525800223355529e+00
1.9569007329544055e+00
1.9620116549592652e+00
1.9623588090028385e+00
1.9622353070999232e+00
1.9625431643082683e+00
1.9578377729587906e+00
1.9577231417476924e+00
1.9586578323356529e+00
1.9613305978594668e+00
1.9607006957056039e+00
1.9580114977598289e+00
1.9575545765577138e+00
1.9600358456142783e+00
1.9689993268800210e+00
1.9633486313510131e+00
1.9630261705105092e+00
1.9644178631135509e+00
1.9666933706068050e+00
1.9638143880810495e+00
1.9638864530412907e+00
1.9646402295864243e+00
1.3088989017204360e+00
1.4690838222690508e+00
1.3151095058044793e+00
1.4762725477381915e+00
1.3341836417124355e+00
1.4903565910095833e+00
1.3687309927920557e+00
1.5106529745263086e+00
1.4125263272120094e+00
1.5354757219422286e+00
1.4588450042679471e+00
1.5643029319349335e+00
1.5156881219432383e+00
1.5966992194502418e+00
1.5784669784611534e+00
1.6311235297228721e+00
1.6439250983728511e+00
1.6658737090077891e+00
1.7062303720297283e+00
1.6992953819305361e+00
1.7628060565748982e+00
1.7302513118267753e+00
1.8132745533811188e+00
1.7578264313294625e+00
1.8569117698209490e+00
1.7809155766752611e+00
1.8903265708360633e+00
1.7989203165103516e+00
1.9171180780285724e+00
1.8114039153448751e+00
1.9341728781462544e+00
1.8175752593621590e+00
1.9395034578039503e+00
1.8170707881667854e+00
1.9328504170996867e+00
1.8098798840544243e+00
1.9141948171046308e+00
1.7963581952459493e+00
1.8853982144167964e+00
1.7773074297316946e+00
1.8495171277934279e+00
1.7527896945864727e+00
1.7986303263175762e+00
1.7236975517415705e+00
1.7434488991408443e+00
1.6918017012534725e+00
1.6844983739896497e+00
1.6584516519818089e+00
1.6269970546332149e+00
1.6250760262184938e+00
1.5718144579142832e+00
1.5924337888392017e+00
1.5166668589517023e+00
1.5611935167399307e+00
1.4616509132324595e+00
1.5324979996970072e+00
1.4102698749577780e+00
1.5078610981041076e+00
1.3676193055859651e+00
1.4883011622147777e+00
1.3330023584895203e+00
1.4749543373825587e+00
1.3143030163512734e+00
1.4686263839082732e+00
1.3668825347580009e+00
1.6631347279342004e+00
1.5140294982548372e+00
1.3461305125279881e+00
1.2370108854852466e+00
1.3677622224211567e+00
1.7728699019300018e+00
1.8515966263308457e+00
1.3791596292345891e+00
1.8266285935852393e+00
1.3821666390375005e+00
1.8713106462644264e+00
1.6049006664257517e+00
1.7491051898883767e+00
1.6014114699438355e+00
1.7046529694965142e+00
1.5654294683825265e+00
1.6637833127444963e+00
1.5298473134197268e+00
1.6239503486062332e+00
1.4942740342305392e+00
1.5833992130244043e+00
1.4573956129845029e+00
1.5294306133426436e+00
1.4195468667139559e+00
1.4784270490236755e+00
1.3818084218862583e+00
1.4258926806462373e+00
1.3430956746481622e+00
1.3643927287365127e+00
1.3016767714688737e+00
1.2823113753858832e+00
1.2367660162988789e+00
1.4671229524445430e+00
1.1000000000000001e+00
1.1000000000000001e+00
1.1000000000000001e+00
1.1000000000000001e+00
1.1000000000000001e+00
1.1000000000000001e+00
