1.1961046668499644e+00
1.2727841742698724e+00
1.2447740243602072e+00
1.3397553630157895e+00
1.2898203739047052e+00
1.4015484002358711e+00
1.3312437181396384e+00
1.4581632763525034e+00
1.3690440490964653e+00
1.5096000000000001e+00
1.4032213812546199e+00
1.5558585946045040e+00
1.4337757116988021e+00
1.5969390311843152e+00
1.4607070307760561e+00
1.6328413097394341e+00
1.4840153384863815e+00
1.6635654302698604e+00
1.5037005964767942e+00
1.8133435763500358e+00
1.2698180467232056e+00
1.8716776006571121e+00
1.9162801589720821e+00
1.9162801589720819e+00
1.4010267210279186e+00
1.3192136724433279e+00
1.6944315201649425e+00
1.6034487197591765e+00
1.2856611552406869e+00
1.9162801589720821e+00
1.8239007194860413e+00
1.7072320000000003e+00
1.5662740005139595e+00
1.4010267210279184e+00
1.4132099272752541e+00
1.4172709960243659e+00
1.4132099272752541e+00
1.4010267210279184e+00
1.5662740005139593e+00
1.7072320000000003e+00
1.8239007194860410e+00
1.8531985563623734e+00
1.8629645019878174e+00
1.8391681504040438e+00
1.8088815540048500e+00
1.4415302955633567e+00
1.4561220001455781e+00
1.4415302955633567e+00
1.7137767087436211e+00
1.8317028764348411e+00
1.9250779757763166e+00
2.0223338287537489e+00
2.0225366792660582e+00
2.0230296603664382e+00
2.0235301154900296e+00
2.0237450437576068e+00
2.0235338419950017e+00
2.0229870154310792e+00
2.0223772558149564e+00
2.0220098346002593e+00
2.0220549353115866e+00
2.0224545745986706e+00
2.0229555807876562e+00
2.0232504549034518e+00
2.0231483102799057e+00
2.0226814266380786e+00
2.0220884819558540e+00
2.0216836268331200e+00
2.0216836268331195e+00
2.0220884819558540e+00
2.0226814266380786e+00
2.0231483102799057e+00
2.0232504549034518e+00
2.0229555807876567e+00
2.0224545745986706e+00
2.0220549353115866e+00
2.0220098346002593e+00
2.0223772558149564e+00
2.0229870154310792e+00
2.0235338419950022e+00
2.0237450437576068e+00
2.0235301154900296e+00
2.0230296603664382e+00
2.0225366792660582e+00
1.3356215518667112e+00
1.5352856928349490e+00
1.3436225226065717e+00
1.5427839592041408e+00
1.3668521424901261e+00
1.5573368251263511e+00
1.4031779772450708e+00
1.5781210440867963e+00
1.4496027387726915e+00
1.6040436281647152e+00
1.5028901448555079e+00
1.6338675813485271e+00
1.5601129773331497e+00
1.6663229011971086e+00
1.6189637058661255e+00
1.7001817026274499e+00
1.6777750454837825e+00
1.7342915736232765e+00
1.7353123768711241e+00
1.7675760175686555e+00
1.7904736484282793e+00
1.7990197544412323e+00
1.8420401646362679e+00
1.8276574763983229e+00
1.8885709955213430e+00
1.8525786569573737e+00
1.9284570462776103e+00
1.8729518740432387e+00
1.9600865901527440e+00
1.8880638853452070e+00
1.9820472072564241e+00
1.8973640257227784e+00
1.9933008707512281e+00
1.9005038432477925e+00
1.9933008707512281e+00
1.8973640257227784e+00
1.9820472072564239e+00
1.8880638853452070e+00
1.9600865901527440e+00
1.8729518740432387e+00
1.9284570462776105e+00
1.8525786569573737e+00
1.8885709955213428e+00
1.8276574763983229e+00
1.8420401646362676e+00
1.7990197544412321e+00
1.7904736484282793e+00
1.7675760175686555e+00
1.7353123768711243e+00
1.7342915736232765e+00
1.6777750454837830e+00
1.7001817026274499e+00
1.6189637058661257e+00
1.6663229011971090e+00
1.5601129773331499e+00
1.6338675813485275e+00
1.5028901448555083e+00
1.6040436281647155e+00
1.4496027387726922e+00
1.5781210440867965e+00
1.4031779772450714e+00
1.5573368251263513e+00
1.3668521424901268e+00
1.5427839592041412e+00
1.3436225226065726e+00
1.5352856928349496e+00
1.3729574400000002e+00
1.7583562428560640e+00
1.6013194625874121e+00
1.3812424609749099e+00
1.2006608849182931e+00
1.3729574400000000e+00
1.8401659950817071e+00
1.9162801589720821e+00
1.4010267210279181e+00
1.8550377103661888e+00
1.4010267210279181e+00
1.9162801589720817e+00
1.5509928993908193e+00
1.8133435763500358e+00
1.6635653765017324e+00
1.7785594364071344e+00
1.6328412605953218e+00
1.7373733999052874e+00
1.5969389898875856e+00
1.6897854634388338e+00
1.5558585711783608e+00
1.6357956372247542e+00
1.5095999999999998e+00
1.5754038982534047e+00
1.4581632473708035e+00
1.5086102413734179e+00
1.4015483367169148e+00
1.4354146819245543e+00
1.3397552680383333e+00
1.3558172199068148e+00
1.2727840413350593e+00
1.2698180467232063e+00
1.1961046668499646e+00
1.5037005964767940e+00
1.1000000000000001e+00
1.1000000000000001e+00
1.1000000000000001e+00
1.1000000000000001e+00
1.1000000000000001e+00
1.1000000000000001e+00
