1.2217140443384606e+00
1.2797271496544647e+00
1.2521678675215857e+00
1.3228679785314941e+00
1.2867048024904548e+00
1.3663793379393556e+00
1.3214553819349188e+00
1.4097126653493781e+00
1.3542549611082151e+00
1.4525481086250152e+00
1.3837497605879325e+00
1.4946739439178793e+00
1.4089643662438884e+00
1.5361674021544196e+00
1.4317239544994602e+00
1.5774478030166099e+00
1.4548158646942986e+00
1.6180035167543647e+00
1.4698244353173155e+00
1.7689277170277813e+00
1.2829315575284734e+00
1.7720455457611775e+00
1.8822172343784873e+00
1.8533044884220162e+00
1.3802042538011186e+00
1.3273237679842949e+00
1.6728150720398545e+00
1.5480027678139330e+00
1.3180885498079107e+00
1.8813746644948495e+00
1.7613544751786301e+00
1.6404134273779827e+00
1.5113899511283684e+00
1.3642521767903577e+00
1.3809275612907725e+00
1.3891495015871920e+00
1.3883972811010161e+00
1.3801813318578087e+00
1.5216840919787626e+00
1.6439427622193579e+00
1.7479760991998496e+00
1.7745073723216866e+00
1.8155302620140570e+00
1.8079541810923574e+00
1.8151921329962648e+00
1.4501859895313411e+00
1.4453662141932615e+00
1.4313679195914137e+00
1.6978682650130466e+00
1.8097480412872822e+00
1.8954443477315472e+00
1.9595857965434016e+00
1.9590593959892639e+00
1.9576939309872452e+00
1.9562519653901451e+00
1.9565384499192837e+00
1.9529659874197507e+00
1.9499477873161075e+00
1.9468468133992247e+00
1.9471431599354274e+00
1.9492227484269302e+00
1.9550592598274825e+00
1.9610919033649898e+00
1.9664138253864536e+00
1.9654455941331028e+00
1.9661083554859815e+00
1.9673920734570147e+00
1.9613467488951817e+00
1.9600519135102108e+00
1.9568435311284178e+00
1.9601975630166462e+00
1.9643701086648930e+00
1.9589545440069405e+00
1.9570608206259650e+00
1.9563056079292147e+00
1.9589363894115599e+00
1.9683262096192651e+00
1.9624677339286996e+00
1.9610727172201525e+00
1.9609651469862728e+00
1.9619055887475416e+00
1.9590655738014064e+00
1.9588612954021547e+00
1.9593760613048725e+00
1.3062509565260403e+00
1.4653743238046009e+00
1.3125550152419809e+00
1.4721092592990128e+00
1.3305453066587511e+00
1.4852491967336279e+00
1.3626944987750509e+00
1.5042471890215290e+00
1.4039069248431795e+00
1.5279319538858418e+00
1.4511716342821384e+00
1.5552706212172223e+00
1.5023112723749454e+00
1.5856994104648943e+00
1.5607226122081370e+00
1.6184575672796000e+00
1.6228654261150348e+00
1.6519967515910192e+00
1.6838214193155574e+00
1.6847004547196804e+00
1.7395088289157052e+00
1.7153472241655716e+00
1.7893495131515831e+00
1.7430181176707940e+00
1.8322316820706210e+00
1.7673230372547561e+00
1.8727820039281275e+00
1.7872544008253539e+00
1.9019047627516734e+00
1.8018051242688926e+00
1.9229502877607327e+00
1.8107175533896416e+00
1.9337744069741998e+00
1.8134963486528326e+00
1.9334196743487060e+00
1.8099850494565122e+00
1.9218345007536044e+00
1.8003473329906823e+00
1.8999158919305985e+00
1.7850898009557443e+00
1.8697592278108586e+00
1.7644669831272186e+00
1.8278091834203585e+00
1.7389840844373257e+00
1.7775240111135220e+00
1.7099337334286131e+00
1.7229619004023273e+00
1.6785697608394863e+00
1.6661489239712350e+00
1.6463088358350857e+00
1.6122708772781273e+00
1.6142235255968038e+00
1.5590910217711305e+00
1.5827982373303209e+00
1.5051149943110056e+00
1.5527223979717519e+00
1.4506857961673116e+00
1.5250594178776000e+00
1.3991127337615661e+00
1.5012105653595442e+00
1.3554364634682450e+00
1.4827255928785983e+00
1.3258006402151052e+00
1.4705874135638324e+00
1.3102548713672562e+00
1.4648676755678391e+00
1.3683717086137239e+00
1.6811151698715012e+00
1.5247754742153008e+00
1.3481994111299733e+00
1.2363510928839965e+00
1.3683095755609356e+00
1.7706667132064080e+00
1.8511428290395995e+00
1.3795542899384632e+00
1.8514609906277510e+00
1.3821363827050230e+00
1.8696303903800477e+00
1.5846690430899506e+00
1.7456495658562565e+00
1.6011587407718848e+00
1.7025248146531289e+00
1.5653458135975562e+00
1.6623307112831169e+00
1.5298431818568807e+00
1.6228401535974664e+00
1.4943060124745358e+00
1.5824870238257480e+00
1.4574464621596883e+00
1.5286712028715574e+00
1.4196094299271167e+00
1.4777869183950072e+00
1.3818798122891875e+00
1.4253735735905100e+00
1.3431813278430267e+00
1.3640526931237151e+00
1.3017950651023071e+00
1.2822945201965519e+00
1.2369611673418373e+00
1.4692522944575819e+00
1.1000000000000001e+00
1.1000000000000001e+00
1.1000000000000001e+00
1.1000000000000001e+00
1.1000000000000001e+00
1.1000000000000001e+00
