1.2209301291316241e+00
1.2756406421599178e+00
1.2473130540543882e+00
1.3145359583808451e+00
1.2781911165395266e+00
1.3538772194651707e+00
1.3101043911637420e+00
1.3932112033338591e+00
1.3410739531875673e+00
1.4322695841366326e+00
1.3698589542388526e+00
1.4708753914108523e+00
1.3955765920550485e+00
1.5087320306195453e+00
1.4155505351621713e+00
1.5462430959338103e+00
1.4373002441251337e+00
1.5838245507680686e+00
1.4582978183603690e+00
1.6205902840629201e+00
1.4704374933129409e+00
1.7680690560044727e+00
1.2824859286949999e+00
1.8006560785203747e+00
1.8840675454231253e+00
1.8668367306303855e+00
1.3770657897538428e+00
1.3331773319707303e+00
1.6431322713214025e+00
1.5529376614250556e+00
1.3247505853202386e+00
1.8831267107819714e+00
1.7604784672572116e+00
1.6398422915352835e+00
1.5113448112198813e+00
1.3650569368512733e+00
1.3816234765465962e+00
1.3897986551007584e+00
1.3890678052397083e+00
1.3809328850446356e+00
1.5218956253735481e+00
1.6435332148319277e+00
1.7469074905006594e+00
1.7740578807447380e+00
1.8179129426447445e+00
1.8132006129579721e+00
1.8212446274658105e+00
1.4439036426061118e+00
1.4390333273007647e+00
1.4246347990528652e+00
1.6980852530136115e+00
1.8094637905878277e+00
1.8949902411930986e+00
1.9593902197203819e+00
1.9591619540794865e+00
1.9586794961356866e+00
1.9589058121149059e+00
1.9616828970529880e+00
1.9589550933747908e+00
1.9569622452600854e+00
1.9538558204157246e+00
1.9516463341141803e+00
1.9536494707088359e+00
1.9563561530591962e+00
1.9611735394298289e+00
1.9654405904828514e+00
1.9695306847460545e+00
1.9684730010718390e+00
1.9683960910986762e+00
1.9691044098106025e+00
1.9635626597590821e+00
1.9621077249381245e+00
1.9584113047939335e+00
1.9606479584735823e+00
1.9631820047040489e+00
1.9620119973066621e+00
1.9586223160956147e+00
1.9576413323754234e+00
1.9596653977723464e+00
1.9674641215781528e+00
1.9610257542313982e+00
1.9594976026381199e+00
1.9601472719404984e+00
1.9608362050435528e+00
1.9628244741791616e+00
1.9594993594670247e+00
1.9589098112757277e+00
1.9592105082117808e+00
1.3043733893899574e+00
1.4621593254748197e+00
1.3092565369652982e+00
1.4678204243235040e+00
1.3241619656920312e+00
1.4791156584338783e+00
1.3512209091973986e+00
1.4960934583062435e+00
1.3918195833647784e+00
1.5175485401329847e+00
1.4345964252757131e+00
1.5419778003958196e+00
1.4786121803482071e+00
1.5693224804065196e+00
1.5306074723665315e+00
1.5992441660544647e+00
1.5871476101779727e+00
1.6305614829851953e+00
1.6455809858250803e+00
1.6619517033913929e+00
1.7011247678851629e+00
1.6922778217103305e+00
1.7533835211139110e+00
1.7203934800885439e+00
1.7972577887124108e+00
1.7458420497243656e+00
1.8400440362985970e+00
1.7680142742036931e+00
1.8741284229490902e+00
1.7859914567693334e+00
1.9022171048312329e+00
1.7993990273342795e+00
1.9220091405501294e+00
1.8076260262696737e+00
1.9321374359819714e+00
1.8103249275804778e+00
1.9320246008412811e+00
1.8073881620551411e+00
1.9216798424040202e+00
1.7989341838438655e+00
1.9017146621578951e+00
1.7853233743936470e+00
1.8735403222621989e+00
1.7671778646643306e+00
1.8394767779516550e+00
1.7445506876738235e+00
1.7929343125257127e+00
1.7181585824411174e+00
1.7429690064401018e+00
1.6893754083535617e+00
1.6898425538184165e+00
1.6591901597962688e+00
1.6373621829650946e+00
1.6287623862793554e+00
1.5873545426208011e+00
1.5987095482132092e+00
1.5370234357437988e+00
1.5694393432500016e+00
1.4857881977469418e+00
1.5416731636778678e+00
1.4348994744945878e+00
1.5164183752180980e+00
1.3877482768175293e+00
1.4948662429615291e+00
1.3485834761518851e+00
1.4782617126276116e+00
1.3224615440047593e+00
1.4673088863181265e+00
1.3084398304584777e+00
1.4619896232027583e+00
1.3695153364057275e+00
1.6989742722689143e+00
1.5357509145891919e+00
1.3507896272594047e+00
1.2356421162034468e+00
1.3688108530105365e+00
1.7689708202475840e+00
1.8485581440161578e+00
1.3798893859812333e+00
1.8752001586618081e+00
1.3821929616605615e+00
1.8695997130063973e+00
1.5654864733785032e+00
1.7444837255939996e+00
1.6012158329215422e+00
1.7045525584284249e+00
1.5689542656763673e+00
1.6676630507030386e+00
1.5370129735552069e+00
1.6317540955033312e+00
1.5050947067498799e+00
1.5953199556086537e+00
1.4729825073529441e+00
1.5572627636248877e+00
1.4399445549689360e+00
1.5098985471485113e+00
1.4062529809806730e+00
1.4641768545280438e+00
1.3724746072210232e+00
1.4159499980579713e+00
1.3377201757008579e+00
1.3586945716944172e+00
1.3006285865399221e+00
1.2826005883970952e+00
1.2365400704274823e+00
1.4693357884085541e+00
1.1000000000000001e+00
1.1000000000000001e+00
1.1000000000000001e+00
1.1000000000000001e+00
1.1000000000000001e+00
1.1000000000000001e+00
