1.1961046668499644e+00
1.2692996886540486e+00
1.2400701242842775e+00
1.3300397929732948e+00
1.2811009452226074e+00
1.3865855867699306e+00
1.3191971323940175e+00
1.4389370920435269e+00
1.3543586876529807e+00
1.4870942913171230e+00
1.3865856051040761e+00
1.5310571845907188e+00
1.4158778847473037e+00
1.5708257718643148e+00
1.4422355265826630e+00
1.6064000531379103e+00
1.4656585306101546e+00
1.6377800284115054e+00
1.4861468968297782e+00
1.6649656976851004e+00
1.5037005964767944e+00
1.8133435763500358e+00
1.2698180467232061e+00
1.8855056914411041e+00
1.9162801589720817e+00
1.9162801589720817e+00
1.4010267210279181e+00
1.3153962042035638e+00
1.6840798690856469e+00
1.6152279937874185e+00
1.2900051003897104e+00
1.9162801589720821e+00
1.8239007194860410e+00
1.7072320000000003e+00
1.5662740005139593e+00
1.4010267210279181e+00
1.4132099272752539e+00
1.4172709960243657e+00
1.4132099272752539e+00
1.4010267210279181e+00
1.5662740005139593e+00
1.7072320000000003e+00
1.8239007194860408e+00
1.8531985563623730e+00
1.8629645019878172e+00
1.8445050786239525e+00
1.8123963076231875e+00
1.4326718706510873e+00
1.4476658912528642e+00
1.4326718706510873e+00
1.7123982897759800e+00
1.8300596190267520e+00
1.9232250166864855e+00
2.0222947180292428e+00
2.0224767835636204e+00
2.0229305983250114e+00
2.0234247653583912e+00
2.0237035080480759e+00
2.0236135321365061e+00
2.0231803975220193e+00
2.0225966152669201e+00
2.0221272929604659e+00
2.0219798943572065e+00
2.0222024285645177e+00
2.0226603661529170e+00
2.0231037105863727e+00
2.0232911257979378e+00
2.0231098259324538e+00
2.0226320005839482e+00
2.0220798650228944e+00
2.0217165323040893e+00
2.0217165323040893e+00
2.0220798650228944e+00
2.0226320005839482e+00
2.0231098259324538e+00
2.0232911257979378e+00
2.0231037105863727e+00
2.0226603661529170e+00
2.0222024285645182e+00
2.0219798943572065e+00
2.0221272929604655e+00
2.0225966152669201e+00
2.0231803975220193e+00
2.0236135321365065e+00
2.0237035080480759e+00
2.0234247653583912e+00
2.0229305983250114e+00
2.0224767835636204e+00
1.3355008020398365e+00
1.5350767913565395e+00
1.3426209302953518e+00
1.5417527525263524e+00
1.3633672644526214e+00
1.5547522935460112e+00
1.3960307471303011e+00
1.5734162480769522e+00
1.4381633941608709e+00
1.5968581738555538e+00
1.4870441336519762e+00
1.6240582952111711e+00
1.5401134939615089e+00
1.6539509074523446e+00
1.5952594230567358e+00
1.6854891643071213e+00
1.6508987548013674e+00
1.7176802795985446e+00
1.7058737246071813e+00
1.7495940473669038e+00
1.7592412830519213e+00
1.7803548773374278e+00
1.8100549925339160e+00
1.8091302521658363e+00
1.8572219714195795e+00
1.8351265483420030e+00
1.8994737866131395e+00
1.8575980886757857e+00
1.9354420891692647e+00
1.8758694521119852e+00
1.9637968608204708e+00
1.8893665282257051e+00
1.9833967323604798e+00
1.8976496369694704e+00
1.9934134096148290e+00
1.9004421530750162e+00
1.9934134096148288e+00
1.8976496369694706e+00
1.9833967323604800e+00
1.8893665282257053e+00
1.9637968608204708e+00
1.8758694521119854e+00
1.9354420891692650e+00
1.8575980886757857e+00
1.8994737866131401e+00
1.8351265483420032e+00
1.8572219714195797e+00
1.8091302521658366e+00
1.8100549925339164e+00
1.7803548773374276e+00
1.7592412830519220e+00
1.7495940473669043e+00
1.7058737246071818e+00
1.7176802795985446e+00
1.6508987548013674e+00
1.6854891643071213e+00
1.5952594230567361e+00
1.6539509074523444e+00
1.5401134939615087e+00
1.6240582952111706e+00
1.4870441336519760e+00
1.5968581738555538e+00
1.4381633941608705e+00
1.5734162480769518e+00
1.3960307471303006e+00
1.5547522935460107e+00
1.3633672644526207e+00
1.5417527525263519e+00
1.3426209302953507e+00
1.5350767913565386e+00
1.3729574400000000e+00
1.7778608770334623e+00
1.6136761578589702e+00
1.3815415900805332e+00
1.2006608849182931e+00
1.3729574399999998e+00
1.8401659950817069e+00
1.9162801589720821e+00
1.4010267210279181e+00
1.8706071024450792e+00
1.4010267210279181e+00
1.9162801589720817e+00
1.5191587645899167e+00
1.8133435763500356e+00
1.6649656556272014e+00
1.7823259354961598e+00
1.6377799847767052e+00
1.7461227583522674e+00
1.6064000132300695e+00
1.7047340416414825e+00
1.5708257269564729e+00
1.6581597805415187e+00
1.5310571346828761e+00
1.6063999808334224e+00
1.4870942364092790e+00
1.5494546425171936e+00
1.4389370321356816e+00
1.4873237655928324e+00
1.3865855218620837e+00
1.4200073500603383e+00
1.3300397055884863e+00
1.3475053959197123e+00
1.2692995833148879e+00
1.2698180467232056e+00
1.1961046668499642e+00
1.5037005964767940e+00
1.1000000000000001e+00
1.1000000000000001e+00
1.1000000000000001e+00
1.1000000000000001e+00
1.1000000000000001e+00
1.1000000000000001e+00
