1.2212424597669784e+00
1.2761834040083706e+00
1.2475159278317274e+00
1.3148137053455740e+00
1.2782189460010926e+00
1.3538824834541883e+00
1.3099331463172270e+00
1.3929418677228083e+00
1.3407022654672440e+00
1.4317265231342671e+00
1.3692986826196676e+00
1.4700613012515693e+00
1.3948482323683939e+00
1.5076501432808704e+00
1.4146723752992565e+00
1.5448929849731905e+00
1.4362488788851266e+00
1.5822024144006459e+00
1.4570510315348728e+00
1.6186928587089462e+00
1.4689783399944050e+00
1.7655289243290953e+00
1.2834035709484191e+00
1.8077112946787535e+00
1.8806082361519159e+00
1.8496836719500744e+00
1.3810289287072737e+00
1.3236848902376135e+00
1.6474552222991852e+00
1.5731675468233923e+00
1.3220885140688186e+00
1.8809206880313616e+00
1.7570643672583022e+00
1.6369872019391773e+00
1.5092092930944889e+00
1.3642387317650990e+00
1.3810683572007330e+00
1.3894801912582735e+00
1.3889688665530537e+00
1.3810492925991342e+00
1.5210205448155869e+00
1.6416218054747804e+00
1.7439038590623159e+00
1.7710224400040788e+00
1.8174191026161604e+00
1.8150839227767728e+00
1.8244752403683910e+00
1.4366182386204112e+00
1.4313979283910530e+00
1.4163997002214281e+00
1.6955563033535499e+00
1.8056301615901942e+00
1.8898748820046893e+00
1.9561582931321642e+00
1.9557416290686596e+00
1.9548645687830435e+00
1.9541953369675575e+00
1.9551422210057057e+00
1.9510415356597939e+00
1.9489386853977404e+00
1.9463825724644037e+00
1.9440621841482111e+00
1.9447951189633341e+00
1.9465863380161652e+00
1.9513932059132539e+00
1.9564906833421787e+00
1.9603218198609662e+00
1.9642931585858250e+00
1.9635193119458743e+00
1.9634269473676649e+00
1.9643721433081420e+00
1.9597827429812544e+00
1.9588495576842428e+00
1.9554661661391188e+00
1.9576560016608033e+00
1.9599741551009768e+00
1.9587740714351085e+00
1.9556019569934133e+00
1.9542445248521509e+00
1.9540375951960285e+00
1.9572402576667232e+00
1.9662243174459955e+00
1.9604709260439273e+00
1.9585999185689582e+00
1.9581640361830088e+00
1.9579688405996380e+00
1.9596483355057706e+00
1.9567043696368052e+00
1.9560233004776779e+00
1.9561247300460445e+00
1.3062841790078523e+00
1.4634140935473765e+00
1.3111940527344874e+00
1.4687269876534748e+00
1.3249854697760213e+00
1.4790368454525240e+00
1.3495395268218577e+00
1.4944000573451106e+00
1.3862477877503507e+00
1.5139123982574241e+00
1.4262259636310128e+00
1.5365356941863597e+00
1.4702410788196429e+00
1.5616976732875087e+00
1.5160836330336909e+00
1.5890079322108170e+00
1.5675118303559037e+00
1.6180030795053399e+00
1.6219642424791461e+00
1.6475933302998234e+00
1.6757871767065764e+00
1.6765925996884992e+00
1.7253687586265307e+00
1.7041123020914710e+00
1.7706726091961531e+00
1.7294650546972408e+00
1.8102984907289275e+00
1.7523727531129827e+00
1.8487972597805120e+00
1.7721741491885663e+00
1.8793428450417429e+00
1.7880927135425717e+00
1.9042104608666814e+00
1.7998329550613343e+00
1.9215446524189910e+00
1.8069200508421850e+00
1.9302875252776985e+00
1.8090903813137085e+00
1.9300062584885642e+00
1.8062659205882512e+00
1.9206969937882012e+00
1.7985430256507262e+00
1.9028267082107388e+00
1.7862092270594405e+00
1.8775205273902411e+00
1.7697609255012270e+00
1.8466505259340524e+00
1.7491953120284494e+00
1.8040600286272299e+00
1.7251441994637911e+00
1.7585170962521179e+00
1.6987563050187260e+00
1.7094519526095870e+00
1.6707134469288973e+00
1.6591976607402548e+00
1.6420894818994105e+00
1.6115896818272897e+00
1.6136107212930764e+00
1.5644035799763447e+00
1.5856193116338670e+00
1.5166760383516058e+00
1.5586269809754960e+00
1.4684620774871950e+00
1.5333241881624564e+00
1.4213998804413772e+00
1.5105990126340976e+00
1.3785776589922949e+00
1.4914497007308167e+00
1.3437634097246913e+00
1.4768928835932842e+00
1.3211961405256232e+00
1.4674320640362648e+00
1.3093379559858345e+00
1.4629818169978615e+00
1.3700942715849167e+00
1.7149599477019977e+00
1.5460517397426923e+00
1.3538436453992673e+00
1.2348226761250896e+00
1.3689810544837409e+00
1.7658013127468475e+00
1.8463166506298470e+00
1.3799344798342472e+00
1.8978553929259698e+00
1.3819757236554917e+00
1.8673631022718080e+00
1.5451764913267374e+00
1.7427381232276726e+00
1.6002019050996081e+00
1.7030667499234318e+00
1.5680426771905773e+00
1.6663600049573639e+00
1.5361942373504665e+00
1.6305969991127998e+00
1.5043649128766261e+00
1.5942987022856203e+00
1.4723413833516961e+00
1.5563841901320661e+00
1.4393925120212567e+00
1.5091607509009575e+00
1.4057888282354234e+00
1.4635674478998781e+00
1.3720973190830954e+00
1.4154690615362242e+00
1.3374312756421294e+00
1.3583603064509582e+00
1.3004332647566310e+00
1.2824570761740037e+00
1.2364307176860896e+00
1.4688492077063462e+00
1.1000000000000001e+00
1.1000000000000001e+00
1.1000000000000001e+00
1.1000000000000001e+00
1.1000000000000001e+00
1.1000000000000001e+00
