1.1961046668499644e+00
1.2692996886540486e+00
1.2400701242842775e+00
1.3300397929732948e+00
1.2811009452226074e+00
1.3865855867699306e+00
1.3191971323940175e+00
1.4389370920435269e+00
1.3543586876529807e+00
1.4870942913171230e+00
1.3865856051040761e+00
1.5310571845907188e+00
1.4158778847473037e+00
1.5708257718643148e+00
1.4422355265826630e+00
1.6064000531379103e+00
1.4656585306101546e+00
1.6377800284115054e+00
1.4861468968297782e+00
1.6649656976851004e+00
1.5037005964767944e+00
1.8133435763500358e+00
1.2698180467232061e+00
1.8974394495582185e+00
1.9162801589720821e+00
1.9162801589720819e+00
1.4010267210279186e+00
1.3115058244361912e+00
1.6735305072079742e+00
1.6268096405606840e+00
1.2942761648201506e+00
1.9162801589720819e+00
1.8239007194860410e+00
1.7072320000000003e+00
1.5662740005139593e+00
1.4010267210279184e+00
1.4132099272752541e+00
1.4172709960243659e+00
1.4132099272752541e+00
1.4010267210279184e+00
1.5662740005139593e+00
1.7072320000000003e+00
1.8239007194860410e+00
1.8531985563623734e+00
1.8629645019878174e+00
1.8497868609086778e+00
1.8157940543602438e+00
1.4237784597844116e+00
1.4391545843567766e+00
1.4237784597844116e+00
1.7109845593124531e+00
1.8283742656532371e+00
1.9213245896215230e+00
2.0222617637593689e+00
2.0224259904351447e+00
2.0228439878134767e+00
2.0233249426102802e+00
2.0236468511921792e+00
2.0236554306100070e+00
2.0233330519830313e+00
2.0228070526699788e+00
2.0222937007084436e+00
2.0220026631290615e+00
2.0220443787734421e+00
2.0223814613785236e+00
2.0228457219658842e+00
2.0232132713418758e+00
2.0233043740791441e+00
2.0230637249832859e+00
2.0225854944747228e+00
2.0220719935016644e+00
2.0217442674776844e+00
2.0217442674776844e+00
2.0220719935016644e+00
2.0225854944747228e+00
2.0230637249832859e+00
2.0233043740791441e+00
2.0232132713418762e+00
2.0228457219658842e+00
2.0223814613785236e+00
2.0220443787734426e+00
2.0220026631290615e+00
2.0222937007084441e+00
2.0228070526699788e+00
2.0233330519830313e+00
2.0236554306100070e+00
2.0236468511921792e+00
2.0233249426102806e+00
2.0228439878134767e+00
2.0224259904351451e+00
1.3353990757394869e+00
1.5349007771175198e+00
1.3417758727061324e+00
1.5408821911700239e+00
1.3604126111547683e+00
1.5525616756705660e+00
1.3899245501528796e+00
1.5694055617346829e+00
1.4282964226323254e+00
1.5906882738391008e+00
1.4732326631981847e+00
1.6155631942918813e+00
1.5225011852165888e+00
1.6431314681976699e+00
1.5741845682966074e+00
1.6724967170043243e+00
1.6267887893079716e+00
1.7027990755152613e+00
1.6792080782436365e+00
1.7332284796438187e+00
1.7305877109640371e+00
1.7630226530209727e+00
1.7801505721107875e+00
1.7914582674725983e+00
1.8270524708646676e+00
1.8178437781308152e+00
1.8703094497297457e+00
1.8415199830200146e+00
1.9088087255305748e+00
1.8618706469675106e+00
1.9413863855654299e+00
1.8783419311919221e+00
1.9669390190257243e+00
1.8904669006343124e+00
1.9845358157359438e+00
1.8978904294323633e+00
1.9935082359963099e+00
1.9003901782582826e+00
1.9935082359963099e+00
1.8978904294323633e+00
1.9845358157359438e+00
1.8904669006343124e+00
1.9669390190257245e+00
1.8783419311919221e+00
1.9413863855654299e+00
1.8618706469675106e+00
1.9088087255305748e+00
1.8415199830200146e+00
1.8703094497297457e+00
1.8178437781308152e+00
1.8270524708646678e+00
1.7914582674725983e+00
1.7801505721107875e+00
1.7630226530209727e+00
1.7305877109640373e+00
1.7332284796438184e+00
1.6792080782436367e+00
1.7027990755152613e+00
1.6267887893079713e+00
1.6724967170043241e+00
1.5741845682966071e+00
1.6431314681976699e+00
1.5225011852165886e+00
1.6155631942918811e+00
1.4732326631981845e+00
1.5906882738391008e+00
1.4282964226323251e+00
1.5694055617346825e+00
1.3899245501528792e+00
1.5525616756705656e+00
1.3604126111547679e+00
1.5408821911700237e+00
1.3417758727061320e+00
1.5349007771175198e+00
1.3729574400000000e+00
1.7967153664721371e+00
1.6254564116934942e+00
1.3811696106841436e+00
1.2006608849182931e+00
1.3729574400000000e+00
1.8401659950817071e+00
1.9162801589720821e+00
1.4010267210279181e+00
1.8849996237075977e+00
1.4010267210279181e+00
1.9162801589720817e+00
1.4866285286547625e+00
1.8133435763500356e+00
1.6649656556272014e+00
1.7823259354961598e+00
1.6377799847767052e+00
1.7461227583522674e+00
1.6064000132300695e+00
1.7047340416414825e+00
1.5708257269564729e+00
1.6581597805415187e+00
1.5310571346828761e+00
1.6063999808334224e+00
1.4870942364092790e+00
1.5494546425171936e+00
1.4389370321356816e+00
1.4873237655928324e+00
1.3865855218620837e+00
1.4200073500603383e+00
1.3300397055884863e+00
1.3475053959197123e+00
1.2692995833148879e+00
1.2698180467232056e+00
1.1961046668499642e+00
1.5037005964767940e+00
1.1000000000000001e+00
1.1000000000000001e+00
1.1000000000000001e+00
1.1000000000000001e+00
1.1000000000000001e+00
1.1000000000000001e+00
