1.1000000000000001e+00
1.1000000000000001e+00
1.2356534225694473e+00
1.2350122408072588e+00
1.1000000000000001e+00
1.1333320246788099e+00
1.1000000000000001e+00
1.1000000000000001e+00
1.1541805768155264e+00
1.1000000000000001e+00
1.4228053164651002e+00
1.1000000000000001e+00
1.2418680637295130e+00
1.1000000000000001e+00
1.6369745275505445e+00
1.1000000000000001e+00
1.3804151104807521e+00
1.1000000000000001e+00
1.1000000000000001e+00
1.2645910914180687e+00
1.1000000000000001e+00
1.1000000000000001e+00
1.1000000000000001e+00
1.1000000000000001e+00
1.1196321874891439e+00
1.1000000000000001e+00
1.1000000000000001e+00
1.2116683422010732e+00
1.1000000000000001e+00
1.3963481882400428e+00
1.1000000000000001e+00
1.4487463312962334e+00
1.1000000000000001e+00
1.2395958540498861e+00
1.1093934825217540e+00
1.1165182067125856e+00
1.2765759250896607e+00
1.1375853790142543e+00
1.1487393894315678e+00
1.1548077278969131e+00
1.1596984327826991e+00
1.5896386623019212e+00
1.1697773289307394e+00
1.5186025109340038e+00
1.1805317565314568e+00
1.3954562850886154e+00
1.1990321195306095e+00
1.1861034535211905e+00
1.1873355812223754e+00
1.1875782121766001e+00
1.1871007780522129e+00
1.1000000000000001e+00
1.1836717411465869e+00
1.1832762568792712e+00
1.1797644867976287e+00
1.1000000000000001e+00
1.1686986426576191e+00
1.1656286127773181e+00
1.1572326792846197e+00
1.1925571032315860e+00
1.1475264466607213e+00
1.1402258806697672e+00
1.3693413497435101e+00
1.1205593673052314e+00
1.4312140652726923e+00
1.1000000000000001e+00
1.1000000000000001e+00
1.1248958865860648e+00
1.1437788008834151e+00
1.2419868173109443e+00
1.1996138898503450e+00
1.2291757672143726e+00
1.2452589042031537e+00
1.2582209163089377e+00
1.1770525994050514e+00
1.2849333794271940e+00
1.5707209668362361e+00
1.3134362279953860e+00
1.5911167498837668e+00
1.3258966803152576e+00
1.3282030981127346e+00
1.3314686507378886e+00
1.3321117043343218e+00
1.1000000000000001e+00
1.3286297269346103e+00
1.3217582428263317e+00
1.3207100765639406e+00
1.3114027052598010e+00
1.2983699763667029e+00
1.2820744981703913e+00
1.2739378869041431e+00
1.2516858406013698e+00
1.2340880790208060e+00
1.2259610611042107e+00
1.2066121069219931e+00
1.1885712227701237e+00
1.1544892350123543e+00
1.4115103153776047e+00
1.1000000000000001e+00
1.4092773851417664e+00
1.1322472682809255e+00
1.1567060237933013e+00
1.1936905101499957e+00
1.2412127737433423e+00
1.2673194327245980e+00
1.1820240393913104e+00
1.3049411784645626e+00
1.3259792521726479e+00
1.3395414310661675e+00
1.3613593055063133e+00
1.4369573894083363e+00
1.1000000000000001e+00
1.3926005799678602e+00
1.7242539294026757e+00
1.3998178696374131e+00
1.4006508073105308e+00
1.3990118042826409e+00
1.3961406542389199e+00
1.6461983408448073e+00
1.3576582696403738e+00
1.3738267515904456e+00
1.3569456534381292e+00
1.3358383650776267e+00
1.3252991346110494e+00
1.3242552208304377e+00
1.2736822764881248e+00
1.2631554721433849e+00
1.2380930621620283e+00
1.2147249756606995e+00
1.1705790883884142e+00
1.4295094968868816e+00
1.1000000000000001e+00
1.1000000000000001e+00
1.1503865041598131e+00
1.1886034215009056e+00
1.2463918505680094e+00
1.2131270050975271e+00
1.3614373788052703e+00
1.1000000000000001e+00
1.4202215285730022e+00
1.4530936149516771e+00
1.1000000000000001e+00
1.5083751100830216e+00
1.5319711753412304e+00
1.6653586127928113e+00
1.5571897442995175e+00
1.6912582867850077e+00
1.5928637358574551e+00
1.5697682613371557e+00
1.5269987028365350e+00
1.5627211265372591e+00
1.2944626095654364e+00
1.5466926354463097e+00
1.5278555516046979e+00
1.5014787585422904e+00
1.4684985239526860e+00
1.4520309281514152e+00
1.4069952625315920e+00
1.3713793512838763e+00
1.2994255729899100e+00
1.3157710411453385e+00
1.3855059114611172e+00
1.2102801483740615e+00
1.1589630111481870e+00
1.1000000000000001e+00
1.2312381066252613e+00
1.1520338838043866e+00
1.1915002978659972e+00
1.2511781114681957e+00
1.4644248766728651e+00
1.3699850370196294e+00
1.2213464080802519e+00
1.4496703374239039e+00
1.4646379608752471e+00
1.4865217630792658e+00
1.6992886951874118e+00
1.5460944119730589e+00
1.5484020797001508e+00
1.1000000000000001e+00
1.5769580488708381e+00
1.5281730824471871e+00
1.5851272683629052e+00
1.4010756906709849e+00
1.5778497284849919e+00
1.5634879179739336e+00
1.5612971881392521e+00
1.5418442284991254e+00
1.5146050499089918e+00
1.4805465312025958e+00
1.4635405296799828e+00
1.4170324293267118e+00
1.3802520608857300e+00
1.3632661100345163e+00
1.4423572825968567e+00
1.2851191239203648e+00
1.2138857422659448e+00
1.1608907984787031e+00
1.3810922815284856e+00
1.1000000000000001e+00
1.2381849776643448e+00
1.2101825457700082e+00
1.2820451908327384e+00
1.2305626995365471e+00
1.4251097470982910e+00
1.2064008686771699e+00
1.6777578834718772e+00
1.5390886122847209e+00
1.5654405815591526e+00
1.7916540376716270e+00
1.6371765897084791e+00
1.6399554298968972e+00
1.6685370731010098e+00
1.6743418685592508e+00
1.5557988445831004e+00
1.6841790540283970e+00
1.7265704702357496e+00
1.6754156085599949e+00
1.5282936527982920e+00
1.2458331988043312e+00
1.6320586169141889e+00
1.2375765230301423e+00
1.5582453453130172e+00
1.2018643329788496e+00
1.1384350451681726e+00
1.4374730601522563e+00
1.4170189703759379e+00
1.4529656937960747e+00
1.3229161742635067e+00
1.3685307276166376e+00
1.1733232934408320e+00
1.1000000000000001e+00
1.1000000000000001e+00
1.1751762062412967e+00
1.2321954995589701e+00
1.3184153104855250e+00
1.4007964509317397e+00
1.4900621929616704e+00
1.5386272126927774e+00
1.1000000000000001e+00
1.6268124642245625e+00
1.6584291937006421e+00
1.7952319970860660e+00
1.7444970674041729e+00
1.7478310815561902e+00
1.7821229430772587e+00
1.7890874566495045e+00
1.7989481963661524e+00
1.8008899761707224e+00
1.7970690624554471e+00
1.7903757151009934e+00
1.7696264196412006e+00
1.7664613520769552e+00
1.7383565941963506e+00
1.2247685107715702e+00
1.6497964484381744e+00
1.6252269451773784e+00
1.5580341414037404e+00
1.5048955255367269e+00
1.4803549905807769e+00
1.4219284322363961e+00
1.3674517530031518e+00
1.2645369790329983e+00
1.1879722767157028e+00
1.1000000000000001e+00
1.1000000000000001e+00
1.1000000000000001e+00
1.2430080232598790e+00
1.4837151017971046e+00
1.4253991701294371e+00
1.5219661285744341e+00
1.5745033745055976e+00
1.6168451401847261e+00
1.6699014670602550e+00
1.7041041895387123e+00
1.7591271110327440e+00
1.7972117198675517e+00
1.8008184294377800e+00
1.8379150881469664e+00
1.8454492426549205e+00
1.8847043329032740e+00
1.8502486322447955e+00
1.8186105543670856e+00
1.7213033202184329e+00
1.8243964500679577e+00
1.8209725055512629e+00
1.7905690055674390e+00
1.2145470369944629e+00
1.6947653554678832e+00
1.1345227161933726e+00
1.1570389294744150e+00
1.2232382080940811e+00
1.4573485127903205e+00
1.4583412789623158e+00
1.7114875114129544e+00
1.4062497483391994e+00
1.4407390908727142e+00
1.5453950728537171e+00
1.1000000000000001e+00
1.1862872161772844e+00
1.2517339357548329e+00
1.4876328545445574e+00
1.4452540329529042e+00
1.5477132120585817e+00
1.1000000000000001e+00
1.6483814509726777e+00
1.4141335694422570e+00
1.1000000000000001e+00
1.7993450328165572e+00
1.8397534480820932e+00
1.7008272896865879e+00
1.8829404114896684e+00
1.8909342770785902e+00
1.9022524297513563e+00
1.9044812037497119e+00
1.9000955606821899e+00
1.8924129395577669e+00
1.2367390125272935e+00
1.8649640442866495e+00
1.8327054156579310e+00
1.7875349859368965e+00
1.7310561196399867e+00
1.7028552546957245e+00
1.6257313843295611e+00
1.5647389046084985e+00
1.5365712894716890e+00
1.4695093117207172e+00
1.4069810034614301e+00
1.2888554715491691e+00
1.2009745401917584e+00
1.1000000000000001e+00
1.1000000000000001e+00
1.1000000000000001e+00
1.2613496239422077e+00
1.1000000000000001e+00
1.4671334833856200e+00
1.5760857091081495e+00
1.1000000000000001e+00
1.6831334991157738e+00
1.7429946047655229e+00
1.7815840229247422e+00
1.8436639502525283e+00
1.8866331289979437e+00
1.8907024197940800e+00
1.8771695003399624e+00
1.8538116109586209e+00
1.9530927982798389e+00
1.7743090563173070e+00
1.9507992440299518e+00
1.9426297595758015e+00
1.1841221782417370e+00
1.9134413719709362e+00
1.2802908946124636e+00
1.8311054766764387e+00
1.7710474297250114e+00
1.7410594185990513e+00
1.1993293072484332e+00
1.1840712727570337e+00
1.5642377002204535e+00
1.1152292522715619e+00
1.4264350141548718e+00
1.3008236269776992e+00
1.1494871070646067e+00
1.1000000000000001e+00
1.1000000000000001e+00
1.1978031220246264e+00
1.2719843713976886e+00
1.1000000000000001e+00
1.4913316921131194e+00
1.6074650898580063e+00
1.2533882963405634e+00
1.7215685282432567e+00
1.7853751512449336e+00
1.8265080442914829e+00
1.8926797341722585e+00
1.9384810630842626e+00
1.9428185657229955e+00
1.9874317656233957e+00
1.9964924938086166e+00
2.0093211689703416e+00
2.0118473955075218e+00
2.0068764438058464e+00
1.2748722378445656e+00
1.9711739751919728e+00
1.9670562695417504e+00
1.2820388552606881e+00
1.8792935165231128e+00
1.8152769715820860e+00
1.7833124146345440e+00
1.6958955800372184e+00
1.6267630340933614e+00
1.5948361644779605e+00
1.5188240843140191e+00
1.4479507379064613e+00
1.3140601533718759e+00
1.1429686596701216e+00
1.1000000000000001e+00
1.1675870764250806e+00
1.2007931689625899e+00
1.2772422949938880e+00
1.1000000000000001e+00
1.5032955241821642e+00
1.6229793639081871e+00
1.6880933472304791e+00
1.7405711841517286e+00
1.8063285096849659e+00
1.3036159443729112e+00
1.1000000000000001e+00
1.1000000000000001e+00
1.1700824232246705e+00
1.1000000000000001e+00
1.1000000000000001e+00
1.7850642744248979e+00
1.8868197108496743e+00
2.0346015621638287e+00
2.0256273970050112e+00
1.9978075940686830e+00
1.2825295891124839e+00
1.2830366828738209e+00
1.9031181567249671e+00
1.2371624663923013e+00
1.5722597971514316e+00
1.6006025400873700e+00
1.6428672868464242e+00
1.6099643457441821e+00
1.1267802634983561e+00
1.4774606488036954e+00
1.3206044220299706e+00
1.7039353979900147e+00
1.1000000000000001e+00
1.1000000000000001e+00
1.2036075160206472e+00
1.2821912546963508e+00
1.4427454331395766e+00
1.5145563425857513e+00
1.1178214898302639e+00
1.7045140908054284e+00
1.6125433872413013e+00
1.8260506156938736e+00
1.8696246528725937e+00
1.9397234828231291e+00
1.9882430169727907e+00
1.1944090880640483e+00
2.0400988329483605e+00
2.0496972948499410e+00
2.0632873228554618e+00
2.0659634752216083e+00
2.0606975087840596e+00
1.4931798234342109e+00
2.0228761794408388e+00
2.0185140972772828e+00
1.2591159549712125e+00
1.9255428234450929e+00
1.8577270414100995e+00
1.8238654603329487e+00
1.7312606343976769e+00
1.6580252282761547e+00
1.6242035711890335e+00
1.5436803460575772e+00
1.4686008269036899e+00
1.3267641391271179e+00
1.1000000000000001e+00
1.1000000000000001e+00
1.1000000000000001e+00
1.5361079876593438e+00
1.2869454805046427e+00
1.6102877468831154e+00
1.5253740652376817e+00
1.6516100346319709e+00
1.7202887035703129e+00
1.7756394562753917e+00
1.8449966873975407e+00
1.8897077759263481e+00
1.9616358136895051e+00
2.0114214504402224e+00
2.0161362771910385e+00
2.0646304282842469e+00
2.0744793591524555e+00
2.0884240148374822e+00
1.8757192825018307e+00
2.0857666203494598e+00
2.0763011616800089e+00
1.1000000000000001e+00
2.0424824454498318e+00
1.2683097338387828e+00
1.9470851142845422e+00
1.8774996998832880e+00
1.8427545110669248e+00
1.2740456837665688e+00
1.6725867282030866e+00
1.6378825051812242e+00
1.5552580507908502e+00
1.4782193542426885e+00
1.3326814809030998e+00
1.2067220643155003e+00
1.1000000000000001e+00
1.1000000000000001e+00
1.2069908521850605e+00
1.2881407676711734e+00
1.4108488891299475e+00
1.5280938109078150e+00
1.6551369045704429e+00
1.6088740207989862e+00
1.7799593423143993e+00
1.2474987886940172e+00
1.3397564962837003e+00
1.3885919875282828e+00
2.0172488732806730e+00
2.0219938455685327e+00
2.0707980573077487e+00
2.0807099600148007e+00
2.0947437746778195e+00
2.0975073176448564e+00
2.0920693894098141e+00
1.5345211781965034e+00
2.0530129926094451e+00
2.0485084652748924e+00
1.5089067471578033e+00
1.2799544672677141e+00
1.8824708573070628e+00
1.8475035156032438e+00
1.6205911956812900e+00
1.6762477183810751e+00
1.6413216043977916e+00
1.5581688679130457e+00
1.4806376033441879e+00
1.3341691937232332e+00
1.1967865209690998e+00
1.1000000000000001e+00
1.7435972958577408e+00
1.5875261004572905e+00
1.5852217513425899e+00
1.6075059044868876e+00
1.6026327671090772e+00
1.6564425067085082e+00
1.7257228466264576e+00
1.7815585088691972e+00
1.8515233556285917e+00
1.8966261431354119e+00
1.9691843185178790e+00
2.0194061106760501e+00
2.0241622424561232e+00
2.0730812346804210e+00
2.0830164487567226e+00
2.0970832689329373e+00
1.6900243037433591e+00
2.0944025938955164e+00
2.0848542114903834e+00
2.0552543420684901e+00
2.0507392207336634e+00
2.0106464298718332e+00
1.6807466526336876e+00
1.8843111161979111e+00
1.8492615363367746e+00
1.7534077652222539e+00
1.6776029701162407e+00
1.1609355707433062e+00
1.5592464151786252e+00
1.4815328082290780e+00
1.3347199259795055e+00
1.4625493913329894e+00
1.1000000000000001e+00
1.1000000000000001e+00
1.2065003574722912e+00
1.2872782448487603e+00
1.4094238164861232e+00
1.5261312342339115e+00
1.2692072403675292e+00
1.7213928220707970e+00
1.6016948417214079e+00
1.1788625409952294e+00
1.8911134616342409e+00
1.2957978924748677e+00
2.0130437873929616e+00
2.0177670065704207e+00
1.1547325517646547e+00
1.1962458387357553e+00
2.0901834169269016e+00
2.0929342905564563e+00
2.0875212922569482e+00
1.6636570834822018e+00
2.0486439477375842e+00
2.0441600712044408e+00
2.0043447238942926e+00
1.3870208325261140e+00
1.8788836551251307e+00
1.2564289166720433e+00
1.2435787664245594e+00
1.1442467374940279e+00
1.6388399400363793e+00
1.5560684135033729e+00
1.4788925875030345e+00
1.3330956556676994e+00
1.1888574298871812e+00
1.1000000000000001e+00
1.1000000000000001e+00
1.1000000000000001e+00
1.2843254678875418e+00
1.4045451958149908e+00
1.5194125120891282e+00
1.6438793034768018e+00
1.7115954512637446e+00
1.7661704715463979e+00
1.8345556715708353e+00
1.8786401409604496e+00
1.2504498238491224e+00
1.9986480167460570e+00
2.0032967659134986e+00
2.0511112788181993e+00
2.0608221784108189e+00
2.0745714018567925e+00
2.0772789030365306e+00
2.0719512503503514e+00
2.0626184486516590e+00
2.0336868767999476e+00
2.0292736966113516e+00
1.9900861095642028e+00
1.9352133446049917e+00
1.8666031592555732e+00
1.8323449190021637e+00
1.7386553075133349e+00
1.6645620118621134e+00
1.6303441632737943e+00
1.5488776781073863e+00
1.4729186672323755e+00
1.3294204851620621e+00
1.2226632610100372e+00
1.1000000000000001e+00
1.1000000000000001e+00
1.2185063453233698e+00
1.2838990651220596e+00
1.4038406870176008e+00
1.3687589517614287e+00
1.6426211396335257e+00
1.7101806386783549e+00
1.7646294097788333e+00
1.8328564133329586e+00
1.8768389014832034e+00
1.9475948184756993e+00
1.9965691613175203e+00
2.0012071564664113e+00
2.0489110593682383e+00
2.0585994945966597e+00
2.0723169117655749e+00
2.0750181496437525e+00
2.0697028214934337e+00
2.0603916094996237e+00
2.0315269654706856e+00
2.0271239943555210e+00
1.7515889236632474e+00
1.9332812335191569e+00
1.5081850458114974e+00
1.6584154872628991e+00
1.7371778969718914e+00
1.6632560024109884e+00
1.1000000000000001e+00
1.7002850323074195e+00
1.4720559890966292e+00
1.3288897634422017e+00
1.2223795023177786e+00
1.7283111741842956e+00
1.1000000000000001e+00
1.2014381778985577e+00
1.5002830693208795e+00
1.3947162703274141e+00
1.2947200802978451e+00
1.6263260824062709e+00
1.6918567517156355e+00
1.7446704117298868e+00
1.3839874507524912e+00
1.2590187625187075e+00
1.3189969159710271e+00
1.1422889244869339e+00
1.1743640279002374e+00
2.0204150077281868e+00
1.2810946287625160e+00
2.0431179761491918e+00
1.7428308651979243e+00
2.0405823877035929e+00
1.3194219613905245e+00
1.3467412763014575e+00
1.9992822140758446e+00
1.8408895633664559e+00
1.9082575763211298e+00
1.8418617237169175e+00
1.1673915336501897e+00
1.7180432751580210e+00
1.6463412747631112e+00
1.4409683386318735e+00
1.5343905500496047e+00
1.7359037144619514e+00
1.3220161429331618e+00
1.7248859250517317e+00
1.1000000000000001e+00
1.4001152327856099e+00
1.1981003995944144e+00
1.2725071266524521e+00
1.3850187620188499e+00
1.3493297797708026e+00
1.6090075558400976e+00
1.3343821996728198e+00
1.7234578174367696e+00
1.7874583839182625e+00
1.8287163024878232e+00
1.8950891245896291e+00
1.9410296689731861e+00
1.9453803556720670e+00
1.9901291596653867e+00
1.9992174283953230e+00
2.0120850969684718e+00
1.8186220702940514e+00
2.0096329409373475e+00
2.0008985277110600e+00
1.9738219528520577e+00
1.9696917312258271e+00
1.9330167230491440e+00
1.8816622188502770e+00
1.8174510923610097e+00
1.1000000000000001e+00
1.6977068349973243e+00
1.6283641571596585e+00
1.5963402441982608e+00
1.5200971214459245e+00
1.4490083518929024e+00
1.3147108001085603e+00
1.6974477149177081e+00
1.1000000000000001e+00
1.1000000000000001e+00
1.4334748932912764e+00
1.2589849090578946e+00
1.1640488185017206e+00
1.4617528324024940e+00
1.5691082713240989e+00
1.6275149891859324e+00
1.6745871856431469e+00
1.7335709762793075e+00
1.7715948339539804e+00
1.4193455459435746e+00
1.8751043567381374e+00
1.8791140086440237e+00
1.9203551137008641e+00
1.4835494222186068e+00
1.9405900034886028e+00
1.8152254190584904e+00
1.9383300632115295e+00
1.7423963271133189e+00
1.8500892813788163e+00
1.9015197022897934e+00
1.8677195170289567e+00
1.8203905090151649e+00
1.7612126634182796e+00
1.7316641518989988e+00
1.6508547307542840e+00
1.5869475777932185e+00
1.5574339050039012e+00
1.7177308332594268e+00
1.4216508335793445e+00
1.2978803872710731e+00
1.2057998529444862e+00
1.7498371159489396e+00
1.1000000000000001e+00
1.4921227529058632e+00
1.2488150699570988e+00
1.4749049759305342e+00
1.4386124719645685e+00
1.3277661664591163e+00
1.5937712672498749e+00
1.3139613619669865e+00
1.6930431367134258e+00
1.7286347099855446e+00
1.4478419803284828e+00
1.8255230056459895e+00
1.8292761708515046e+00
1.8678791928018894e+00
