1.1000000000000001e+00
1.1000000000000001e+00
1.2336938333654779e+00
1.2327729889400423e+00
1.1000000000000001e+00
1.1316660788383524e+00
1.1000000000000001e+00
1.1000000000000001e+00
1.1557849489029945e+00
1.1000000000000001e+00
1.4200353525257270e+00
1.1000000000000001e+00
1.2425644238359765e+00
1.1000000000000001e+00
1.6363109767754875e+00
1.1000000000000001e+00
1.3753448340265657e+00
1.1000000000000001e+00
1.1000000000000001e+00
1.2656684808089060e+00
1.1000000000000001e+00
1.1000000000000001e+00
1.1000000000000001e+00
1.1000000000000001e+00
1.1189309905874487e+00
1.1000000000000001e+00
1.1000000000000001e+00
1.2107695090536426e+00
1.1000000000000001e+00
1.3957201109107906e+00
1.1000000000000001e+00
1.4482977423494523e+00
1.1000000000000001e+00
1.2390228512703740e+00
1.1092810971328371e+00
1.1148564859367076e+00
1.2765720794261020e+00
1.1401876785610154e+00
1.1500939009437712e+00
1.1559589588487378e+00
1.1594534727699020e+00
1.5876787047577339e+00
1.1699323007952680e+00
1.5170663344624333e+00
1.1813489646432058e+00
1.3947815669549113e+00
1.1982699008723556e+00
1.1844604119470241e+00
1.1854500437055551e+00
1.1867039050442849e+00
1.1873084712874011e+00
1.1000000000000001e+00
1.1835453415329096e+00
1.1822318923268118e+00
1.1802870225467097e+00
1.1000000000000001e+00
1.1685977845786724e+00
1.1668623619120611e+00
1.1554529237085833e+00
1.1949431389791689e+00
1.1481895281613912e+00
1.1409285239402986e+00
1.3697660481973843e+00
1.1205890544125063e+00
1.4303360144490220e+00
1.1000000000000001e+00
1.1000000000000001e+00
1.1247632008098174e+00
1.1470310506133796e+00
1.2409682519074852e+00
1.1986781585014059e+00
1.2256339729275765e+00
1.2447020735662937e+00
1.2582700915840865e+00
1.1775479218161804e+00
1.2854909123747236e+00
1.5707250721243806e+00
1.3149346462878386e+00
1.5932233587764491e+00
1.3259099099038332e+00
1.3272868118959562e+00
1.3291247103150263e+00
1.3308797821491560e+00
1.1000000000000001e+00
1.3285011663594399e+00
1.3208575496452837e+00
1.3220746277864215e+00
1.3104176521888018e+00
1.2981129348072371e+00
1.2826023638896953e+00
1.2740375791258147e+00
1.2516969551817809e+00
1.2363441834822033e+00
1.2273546432842712e+00
1.2057900208019265e+00
1.1895716722193770e+00
1.1540822984865260e+00
1.4097674294190623e+00
1.1000000000000001e+00
1.4087860420940632e+00
1.1311934312182497e+00
1.1540768001963564e+00
1.1940901884714168e+00
1.2408554324261549e+00
1.2687706012136555e+00
1.1842536841910920e+00
1.3061363626557891e+00
1.3254340076331799e+00
1.3386137755542318e+00
1.3628534599634907e+00
1.4368474316714941e+00
1.1000000000000001e+00
1.3925195040989808e+00
1.7243588794158842e+00
1.3970544010045227e+00
1.3999109368803708e+00
1.3981807995296900e+00
1.3957463723031400e+00
1.6391153621350181e+00
1.3551448127602332e+00
1.3737683654063071e+00
1.3547934155820209e+00
1.3337330392953322e+00
1.3254931870286255e+00
1.3233693947206955e+00
1.2720800014142579e+00
1.2621430575379780e+00
1.2367703350153276e+00
1.2140681721919504e+00
1.1718231256490170e+00
1.4299453396326778e+00
1.1000000000000001e+00
1.1000000000000001e+00
1.1549136295623557e+00
1.1864601591715296e+00
1.2485157008212788e+00
1.2125062088974483e+00
1.3569399932476798e+00
1.1000000000000001e+00
1.4206567162889339e+00
1.4518774520930942e+00
1.1000000000000001e+00
1.5085531000686663e+00
1.5345772154362971e+00
1.6648392821566917e+00
1.5544384811994392e+00
1.6909325176359618e+00
1.5905866510516058e+00
1.5696007759315540e+00
1.5260018105078170e+00
1.5626079694469965e+00
1.2967998939822230e+00
1.5449673813540301e+00
1.5259434476930895e+00
1.5011621095802932e+00
1.4667349539412338e+00
1.4496890552081259e+00
1.4078609947512304e+00
1.3701239977515007e+00
1.2949671051756442e+00
1.3133062144661916e+00
1.3886825661320885e+00
1.2145752365713054e+00
1.1600088274886442e+00
1.1000000000000001e+00
1.2330410253497930e+00
1.1524180776218571e+00
1.1880233613575333e+00
1.2484477930913263e+00
1.4649762153691248e+00
1.3732903684099893e+00
1.2214446867321194e+00
1.4463458021259807e+00
1.4660519612882756e+00
1.4853485375516509e+00
1.6999518115515493e+00
1.5493896332211969e+00
1.5515666860277755e+00
1.1000000000000001e+00
1.5729371132841978e+00
1.5281445950343333e+00
1.5849323455807436e+00
1.3983849999293585e+00
1.5783011441254429e+00
1.5618570387447035e+00
1.5603083739980581e+00
1.5367452847674143e+00
1.5133829722988588e+00
1.4766639515894120e+00
1.4654588438320395e+00
1.4168802140968326e+00
1.3825974014534734e+00
1.3666170021776765e+00
1.4397125843244427e+00
1.2821771270045039e+00
1.2119516308258285e+00
1.1619987315433504e+00
1.3818086068399160e+00
1.1000000000000001e+00
1.2390830245622917e+00
1.2092217649308354e+00
1.2805035320454849e+00
1.2315967904767238e+00
1.4266377588490777e+00
1.2052643607442979e+00
1.6720901074550016e+00
1.5397200942362015e+00
1.5638441652863757e+00
1.7924840040800458e+00
1.6359524218285160e+00
1.6354355121223216e+00
1.6637636878872271e+00
1.6711915522020497e+00
1.5562169554004472e+00
1.6834484390149751e+00
1.7255794026176186e+00
1.6732124128196655e+00
1.5270161149507655e+00
1.2458254083241043e+00
1.6290641736691980e+00
1.2378546124323013e+00
1.5530333488633594e+00
1.2004124864322991e+00
1.1433368627707585e+00
1.4366069140481681e+00
1.4170459754765468e+00
1.4513208188141784e+00
1.3207274511994611e+00
1.3662721362201846e+00
1.1733136412235294e+00
1.1000000000000001e+00
1.1000000000000001e+00
1.1748802217425398e+00
1.2308468948354907e+00
1.3167640860093279e+00
1.3986200711339112e+00
1.4883894295403015e+00
1.5370608653110573e+00
1.1000000000000001e+00
1.6240922078280802e+00
1.6591834889923118e+00
1.7956498832418013e+00
1.7422672428561639e+00
1.7440359719095799e+00
1.7822568266442971e+00
1.7880061175278270e+00
1.7966681573722671e+00
1.7993995514902150e+00
1.7943504379968360e+00
1.7888551633013512e+00
1.7696863559262375e+00
1.7659031950740529e+00
1.7351018876850095e+00
1.2241963690060738e+00
1.6481558459413537e+00
1.6267337827811690e+00
1.5586924214524513e+00
1.5034206237605681e+00
1.4792083139305521e+00
1.4210962818421924e+00
1.3670275149335400e+00
1.2639503627435889e+00
1.1880762199305559e+00
1.1000000000000001e+00
1.1000000000000001e+00
1.1000000000000001e+00
1.2428622667756317e+00
1.4846264621577652e+00
1.4242451237912703e+00
1.5201445440159964e+00
1.5719465661981946e+00
1.6139292020274303e+00
1.6690268630106175e+00
1.7036627682090628e+00
1.7565961026517707e+00
1.7941809691936894e+00
1.7987171620556819e+00
1.8389519133757939e+00
1.8452526731594183e+00
1.8800663527155173e+00
1.8520820725500611e+00
1.8171988777772556e+00
1.7225853455736806e+00
1.8213400919929648e+00
1.8179743926835010e+00
1.7880786402905628e+00
1.2154590504089464e+00
1.6931556536331287e+00
1.1362300347241672e+00
1.1559033334305582e+00
1.2226288963697605e+00
1.4558227865231814e+00
1.4561372696041397e+00
1.7116965516602085e+00
1.4047856801736185e+00
1.4361560404414730e+00
1.5484283801146259e+00
1.1000000000000001e+00
1.1858922603957089e+00
1.2516099269101462e+00
1.4876292579708585e+00
1.4437067055541073e+00
1.5453962087102859e+00
1.1000000000000001e+00
1.6459909802082311e+00
1.4121296434677202e+00
1.1000000000000001e+00
1.7980813218332945e+00
1.8392738047661970e+00
1.7022275228787369e+00
1.8832578434805267e+00
1.8901266761421973e+00
1.9007712159846852e+00
1.9014946710521081e+00
1.8985075272026266e+00
1.8904204561041222e+00
1.2367957671704586e+00
1.8632279995576351e+00
1.8285734990996179e+00
1.7834191091750928e+00
1.7286131020738280e+00
1.7009878555860651e+00
1.6254508163839803e+00
1.5645707670320872e+00
1.5361779511280733e+00
1.4682746696107305e+00
1.4062842255101882e+00
1.2883881328331193e+00
1.1998970982673911e+00
1.1000000000000001e+00
1.1000000000000001e+00
1.1000000000000001e+00
1.2615128211090076e+00
1.1000000000000001e+00
1.4661864725593623e+00
1.5732991213975820e+00
1.1000000000000001e+00
1.6812275556434275e+00
1.7413233573676274e+00
1.7795767896524677e+00
1.8419686921674940e+00
1.8888798477302642e+00
1.8918311260673830e+00
1.8764972028590663e+00
1.8537712052377746e+00
1.9506836652419839e+00
1.7709626115508481e+00
1.9496988318484652e+00
1.9413504970170397e+00
1.1838524015826803e+00
1.9121744414679664e+00
1.2806710629548854e+00
1.8283875375063878e+00
1.7691652816070578e+00
1.7393589618935612e+00
1.1987362343620573e+00
1.1887461663383276e+00
1.5633875687756356e+00
1.1158367712189659e+00
1.4254677514614797e+00
1.3001902695035008e+00
1.1487822245265895e+00
1.1000000000000001e+00
1.1000000000000001e+00
1.1977971669762961e+00
1.2727627843421772e+00
1.1000000000000001e+00
1.4882040651359993e+00
1.6053141651952445e+00
1.2544722892850240e+00
1.7188490876776492e+00
1.7822872205914539e+00
1.8230116503929545e+00
1.8892527164459376e+00
1.9360897286910876e+00
1.9374591980088196e+00
1.9854837404838994e+00
1.9950581756187762e+00
2.0066301292660400e+00
2.0085412941124594e+00
2.0035042369897376e+00
1.2756980109641092e+00
1.9671199627098463e+00
1.9641551595528468e+00
1.2823770007830384e+00
1.8769898390345858e+00
1.8124630460275464e+00
1.7805851584381363e+00
1.6952496375984263e+00
1.6258865630425834e+00
1.5917653419496889e+00
1.5173718299446448e+00
1.4470736852079173e+00
1.3135976676430428e+00
1.1408316980526974e+00
1.1000000000000001e+00
1.1724425486459926e+00
1.2007437292294785e+00
1.2769596794586819e+00
1.1000000000000001e+00
1.5000897046596109e+00
1.6222504410374545e+00
1.6850194291306169e+00
1.7371647938446184e+00
1.8022603444489138e+00
1.2993215456775413e+00
1.1000000000000001e+00
1.1000000000000001e+00
1.1711809038507452e+00
1.1000000000000001e+00
1.1000000000000001e+00
1.7828600336941771e+00
1.8838208826397920e+00
2.0311394970627057e+00
2.0252989929128882e+00
1.9962180546541979e+00
1.2818820722398709e+00
1.2836143142010419e+00
1.9004000092575299e+00
1.2378427076606511e+00
1.5718345283179178e+00
1.5980453266003440e+00
1.6418412740526596e+00
1.6090980403628170e+00
1.1274390460400543e+00
1.4771382790739724e+00
1.3193347195704357e+00
1.7025270656472451e+00
1.1000000000000001e+00
1.1000000000000001e+00
1.2038849488754682e+00
1.2809561754149246e+00
1.4429150447183530e+00
1.5115362262227603e+00
1.1179725822907447e+00
1.7019666624311753e+00
1.6096647385553902e+00
1.8232598409382084e+00
1.8659789233548472e+00
1.9302925557207269e+00
1.9747793624607644e+00
1.1946232615284025e+00
2.0343546784690503e+00
2.0452959717960328e+00
2.0603719437138599e+00
2.0625227551947125e+00
2.0570385012565424e+00
1.4929417670560969e+00
2.0181456940032296e+00
2.0154452246841177e+00
1.2568324597579605e+00
1.9229501339826818e+00
1.8569942592256721e+00
1.8227101854474703e+00
1.7293423521864162e+00
1.6557852923661358e+00
1.6228285801047480e+00
1.5421465672240466e+00
1.4674127218046675e+00
1.3264356557469166e+00
1.1000000000000001e+00
1.1000000000000001e+00
1.1000000000000001e+00
1.5344916035148748e+00
1.2882460133120568e+00
1.6053722057320856e+00
1.5220182394209127e+00
1.6503226458732898e+00
1.7176841351969732e+00
1.7726486061932425e+00
1.8429705470259203e+00
1.8869084563398768e+00
1.9614411383035031e+00
2.0127116340733342e+00
2.0148336983569775e+00
2.0625124690563776e+00
2.0723296489784961e+00
2.0870244298790035e+00
1.8762982500162748e+00
2.0844927299488059e+00
2.0761587632104406e+00
1.1000000000000001e+00
2.0415599921037866e+00
1.2702224324549727e+00
1.9419196876720952e+00
1.8776245151169122e+00
1.8426782219501632e+00
1.2769283055214564e+00
1.6734255883083704e+00
1.6387130090585316e+00
1.5548761676007405e+00
1.4780296521325336e+00
1.3322790551136292e+00
1.2066950387209190e+00
1.1000000000000001e+00
1.1000000000000001e+00
1.2064752888634016e+00
1.2875999570510441e+00
1.4072472815003181e+00
1.5241942245114701e+00
1.6538487862245455e+00
1.6045715859144729e+00
1.7779114508415452e+00
1.2451639764402926e+00
1.3372424996799788e+00
1.3869692669980986e+00
2.0215316091260584e+00
2.0236558566122675e+00
2.0696522498373020e+00
2.0794007506310996e+00
2.0919106247202319e+00
2.0949407718362187e+00
2.0890386628912028e+00
1.5377958712740230e+00
2.0529189506944401e+00
2.0513598585567148e+00
1.5107189761437336e+00
1.2801494954643153e+00
1.8857412987049933e+00
1.8494359100062430e+00
1.6215304357066020e+00
1.6761368298368720e+00
1.6410756374893025e+00
1.5574767378772194e+00
1.4797416057635455e+00
1.3329434155044040e+00
1.1967619603206643e+00
1.1000000000000001e+00
1.7415218654599300e+00
1.5880439916640432e+00
1.5854747691701392e+00
1.6036254976305639e+00
1.6006301519240520e+00
1.6523608619448700e+00
1.7236453337817075e+00
1.7798614894511549e+00
1.8507652002654045e+00
1.8954678302078876e+00
1.9671795020954883e+00
2.0200895468191113e+00
2.0253665777441614e+00
2.0710316156892739e+00
2.0804042637819351e+00
2.0934068984597447e+00
1.6889360549878103e+00
2.0903800001787345e+00
2.0818600439542756e+00
2.0524164477031643e+00
2.0499087301696544e+00
2.0055940093842630e+00
1.6790371568279054e+00
1.8820895558000028e+00
1.8484971048457588e+00
1.7518592794315908e+00
1.6768373446660254e+00
1.1596749203857386e+00
1.5589736104993623e+00
1.4815864200906104e+00
1.3336476660421581e+00
1.4656168195946788e+00
1.1000000000000001e+00
1.1000000000000001e+00
1.2061571471316761e+00
1.2864553325809611e+00
1.4074465185845895e+00
1.5221736363051912e+00
1.2699666486536911e+00
1.7218575334593804e+00
1.5970099448444786e+00
1.1779359074396312e+00
1.8912310785534929e+00
1.2979722231736841e+00
2.0129486533574839e+00
2.0187752237413839e+00
1.1537005656995651e+00
1.1945681265579597e+00
2.0868470961098122e+00
2.0913944018029795e+00
2.0838104019145893e+00
1.6623832863438905e+00
2.0488719106503028e+00
2.0442380899152335e+00
1.9998881629569245e+00
1.3851635607115580e+00
1.8763241132096560e+00
1.2557477362170575e+00
1.2436835280200351e+00
1.1481570236245069e+00
1.6371785345725725e+00
1.5543093482886312e+00
1.4775701289889540e+00
1.3298526313449628e+00
1.1879012453087427e+00
1.1000000000000001e+00
1.1000000000000001e+00
1.1000000000000001e+00
1.2847884639412570e+00
1.4055780396423381e+00
1.5121229113167338e+00
1.6392497163761424e+00
1.7098380338892218e+00
1.7657778424171311e+00
1.8369115761027794e+00
1.8796407550223677e+00
1.2504850229370652e+00
2.0004012379237404e+00
2.0060901973795024e+00
2.0501234608525269e+00
2.0602746787020161e+00
2.0708118949574512e+00
2.0801257252224898e+00
2.0681141100749070e+00
2.0568417146168776e+00
2.0359815719388390e+00
2.0347390408595265e+00
1.9853862189298992e+00
1.9311691805558868e+00
1.8650583836631112e+00
1.8289356878711325e+00
1.7351042250144144e+00
1.6647946546233514e+00
1.6304545844796814e+00
1.5480068123934720e+00
1.4712276487350255e+00
1.3266932057075520e+00
1.2222700092612737e+00
1.1000000000000001e+00
1.1000000000000001e+00
1.2184206388846666e+00
1.2850581671684689e+00
1.4057645422848686e+00
1.3682565181202822e+00
1.6380975625654555e+00
1.7077952590467895e+00
1.7625991833600647e+00
1.8328088705532721e+00
1.8762425629264579e+00
1.9439315781523596e+00
1.9982887712365813e+00
2.0111857868654028e+00
2.0518286449603860e+00
2.0606480144943209e+00
2.0699536530855114e+00
2.0769507990686047e+00
2.0642307784211487e+00
2.0569072821397096e+00
2.0354356786000363e+00
2.0292696528129923e+00
1.7498063618794235e+00
1.9303953375145935e+00
1.5065112909444820e+00
1.6578218549984785e+00
1.7336908962361071e+00
1.6662135691097337e+00
1.1000000000000001e+00
1.6986490016054625e+00
1.4696791742529716e+00
1.3265520333692222e+00
1.2226314552894706e+00
1.7264509737083558e+00
1.1000000000000001e+00
1.2020457457603007e+00
1.4992463703708760e+00
1.3940579602550911e+00
1.2926424561199501e+00
1.6237656430896723e+00
1.6904837097133465e+00
1.7423896375535681e+00
1.3809724151064653e+00
1.2582318263039618e+00
1.3180103083180237e+00
1.1423832825288658e+00
1.1698628056184586e+00
2.0176499925313660e+00
1.2815786384041121e+00
2.0395674398447934e+00
1.7394304476275775e+00
2.0364318419769436e+00
1.3229157866063268e+00
1.3465148055398446e+00
1.9961417986315673e+00
1.8392874210121595e+00
1.9055053665420438e+00
1.8415208279639275e+00
1.1681688688680401e+00
1.7137425418516454e+00
1.6443115509127910e+00
1.4368970546099999e+00
1.5343227826758601e+00
1.7364762878283106e+00
1.3223259800237568e+00
1.7233891421266798e+00
1.1000000000000001e+00
1.4016925226720440e+00
1.1988944460101938e+00
1.2717524772481561e+00
1.3847996132805998e+00
1.3460011234483726e+00
1.6057344100106783e+00
1.3317873706618464e+00
1.7212517386848671e+00
1.7856769614712109e+00
1.8262610101884418e+00
1.8901625894285066e+00
1.9324348523793955e+00
1.9387532123370219e+00
1.9816266184028180e+00
1.9954263971189006e+00
2.0076693723514665e+00
1.8169960134996241e+00
2.0052604785233563e+00
1.9975472115447881e+00
1.9665396100146944e+00
1.9600724413429091e+00
1.9251091718647890e+00
1.8776862884852923e+00
1.8158868481743455e+00
1.1000000000000001e+00
1.6960548904910959e+00
1.6267297208107641e+00
1.5941844489782868e+00
1.5178828333510836e+00
1.4471614312513901e+00
1.3142038244196477e+00
1.6949639455752123e+00
1.1000000000000001e+00
1.1000000000000001e+00
1.4302160627726876e+00
1.2596111585954488e+00
1.1626978556434484e+00
1.4595035017174742e+00
1.5675526315168913e+00
1.6266682389631237e+00
1.6711804039723075e+00
1.7317911520633191e+00
1.7701238758587412e+00
1.4157534337640219e+00
1.8727309989136678e+00
1.8772667533472578e+00
1.9184663241262694e+00
1.4789029972073680e+00
1.9358068901286460e+00
1.8129502195627472e+00
1.9329224212412561e+00
1.7413769597582256e+00
1.8486316155675850e+00
1.8981426048844001e+00
1.8634558673143531e+00
1.8153654913112303e+00
1.7606606024384450e+00
1.7294842628554190e+00
1.6483108008079403e+00
1.5849737828950641e+00
1.5558312090014728e+00
1.7181553852359475e+00
1.4193607008039970e+00
1.2961378021948231e+00
1.2042976889705983e+00
1.7478117959220620e+00
1.1000000000000001e+00
1.4893661599356021e+00
1.2489912098414320e+00
1.4725067019626374e+00
1.4363961559177680e+00
1.3255462498901618e+00
1.5922661977702302e+00
1.3190441289467365e+00
1.6937493700036848e+00
1.7282850440546227e+00
1.4433823264676855e+00
1.8276855447700402e+00
1.8322334958714628e+00
1.8677894146040528e+00
