1.1000000000000001e+00
1.1000000000000001e+00
1.1000000000000001e+00
1.1000000000000001e+00
1.1000000000000001e+00
1.1000000000000001e+00
1.1000000000000001e+00
1.3299756466488901e+00
1.1000000000000001e+00
1.1000000000000001e+00
1.1000000000000001e+00
1.1000000000000001e+00
1.1000000000000001e+00
1.4436708914407856e+00
1.1000000000000001e+00
1.1000000000000001e+00
1.1000000000000001e+00
1.1000000000000001e+00
1.7001716173112391e+00
1.1000000000000001e+00
1.1826894351867607e+00
1.1000000000000001e+00
1.2212653572441687e+00
1.2293521787321715e+00
1.5246012970412388e+00
1.3965532599433739e+00
1.2440130216808065e+00
1.2355054486923054e+00
1.5978146019828423e+00
1.2044005743060882e+00
1.1973551499671589e+00
1.6429631013313699e+00
1.7007713281607879e+00
1.6968600871634811e+00
1.1000000000000001e+00
1.1614560800058609e+00
1.2794337301575236e+00
1.3064007555842321e+00
1.3612715476834081e+00
1.3944425126488573e+00
1.4186891406983257e+00
1.4505242008060839e+00
1.4422420887532048e+00
1.4359359768805455e+00
1.4170333074971722e+00
1.4028821298327492e+00
1.3537980690391067e+00
1.3361436598139946e+00
1.2401864752441185e+00
1.2109917544476241e+00
1.1000000000000001e+00
1.2892461602634431e+00
1.2021177716202496e+00
1.3832232766958521e+00
1.2132435754511055e+00
1.1000000000000001e+00
1.8157620205791554e+00
1.6416119963931390e+00
1.8315689247844560e+00
1.6941138245609677e+00
1.6831439686446923e+00
1.6255156652887524e+00
1.4047103121970343e+00
1.5114065276572730e+00
1.4898593622049618e+00
1.5289411374538768e+00
1.5044632402665914e+00
1.3210946839620996e+00
1.1000000000000001e+00
1.2494517745078895e+00
1.4818444498883887e+00
1.5427924090903664e+00
1.6761530970721350e+00
1.7421271620531731e+00
1.7946689237811302e+00
1.8616040515553678e+00
1.8849687973388787e+00
1.8958675869407040e+00
1.3461383635341346e+00
1.7506885212034879e+00
1.5494716524583558e+00
1.6152255992306019e+00
1.4252778237189201e+00
1.3366666854902207e+00
1.1000000000000001e+00
1.1000000000000001e+00
1.2531363528289783e+00
1.5129656651571892e+00
1.5802086363382555e+00
1.7143983241608856e+00
1.7810372381977899e+00
1.3784063291647546e+00
1.9271925182447913e+00
1.9453706280489427e+00
1.9375914390382805e+00
1.8504200769068251e+00
1.7987618180093881e+00
1.6876807516628869e+00
1.6571064124221060e+00
1.4375020946724855e+00
1.3570557154378100e+00
1.1000000000000001e+00
1.3119724306079665e+00
1.2553490165277479e+00
1.5483789514616757e+00
1.6250794491045124e+00
1.1000000000000001e+00
1.8512095369476811e+00
1.9174665735926264e+00
1.7253381326966792e+00
1.3671371661855782e+00
1.7696211179622288e+00
1.9205209050280860e+00
1.8670964292656675e+00
1.7505577480020937e+00
1.6950630952705050e+00
1.4666009428413620e+00
1.3739741758523665e+00
1.1000000000000001e+00
1.1000000000000001e+00
1.2752040887832710e+00
1.5757217801103356e+00
1.6623841030938751e+00
1.8249814174294794e+00
1.9045290595809088e+00
1.9774329379382136e+00
2.0668087454923629e+00
2.0656485866542136e+00
2.0691602684692172e+00
1.6209659407039527e+00
1.9269824451893864e+00
1.8090351472266470e+00
1.7681252592252610e+00
1.5019409404284285e+00
1.3975782794444664e+00
1.1000000000000001e+00
1.1000000000000001e+00
1.4104704357495643e+00
1.5869713789185860e+00
1.1000000000000001e+00
1.1889491069332281e+00
1.9128947614655503e+00
1.4839333599965978e+00
2.0824887477637777e+00
2.0872310657939610e+00
2.0806323624055967e+00
1.9833090359865913e+00
1.2702493700537221e+00
1.8103958349879330e+00
1.7714459746533133e+00
1.5031528460849768e+00
1.4019657617469092e+00
1.1000000000000001e+00
1.1000000000000001e+00
1.1000000000000001e+00
1.5848757099893176e+00
1.6692503855761338e+00
1.8228260755317125e+00
1.9112302048303396e+00
1.5288820146643112e+00
2.0729176887871108e+00
2.0952210690881850e+00
2.0829898851972524e+00
1.9845389262562170e+00
1.5735627167962816e+00
1.8028258864015847e+00
1.7639791363593149e+00
1.4246258563246090e+00
1.2991127854523579e+00
1.2458156228674282e+00
1.1000000000000001e+00
1.1000000000000001e+00
1.5533816255392647e+00
1.6381744834542937e+00
1.7899722563155946e+00
1.8729220965085163e+00
1.7695908421490065e+00
2.0197511227076843e+00
2.0398533891648900e+00
2.0376384638536655e+00
1.9498864317556990e+00
1.5723521109302632e+00
1.7639244262696947e+00
1.7304608839226239e+00
1.4756597781156404e+00
1.3871158203149749e+00
1.1000000000000001e+00
1.1000000000000001e+00
1.1000000000000001e+00
1.5325771226148122e+00
1.4662122828246824e+00
1.7612530261991142e+00
1.8382180189089032e+00
1.9109999989176432e+00
1.1000000000000001e+00
1.9935852851429849e+00
1.1000000000000001e+00
1.3245702181533554e+00
1.8443808422814549e+00
1.7334913821908642e+00
1.4902956719959763e+00
1.4644998793515696e+00
1.3754628460614200e+00
1.4189167491492480e+00
