1.1000000000000001e+00
1.1943568146744385e+00
1.1000000000000001e+00
1.1000000000000001e+00
1.1000000000000001e+00
1.1000000000000001e+00
1.1102836994331955e+00
1.1000000000000001e+00
1.1000000000000001e+00
1.2828932296286792e+00
1.2814397631229286e+00
1.1000000000000001e+00
1.2956642771139879e+00
1.2915712091417491e+00
1.1000000000000001e+00
1.4310214568910939e+00
1.1000000000000001e+00
1.3878164697156363e+00
1.1000000000000001e+00
1.5465397437560504e+00
1.4149134896354478e+00
1.1000000000000001e+00
1.1000000000000001e+00
1.4358872562053646e+00
1.1000000000000001e+00
1.1000000000000001e+00
1.1000000000000001e+00
1.3667021960163375e+00
1.1000000000000001e+00
1.3841654538082280e+00
1.1000000000000001e+00
1.1000000000000001e+00
1.2403205764304193e+00
1.1000000000000001e+00
1.1565262374508938e+00
1.5787845067155175e+00
1.1000000000000001e+00
1.1000000000000001e+00
1.1000000000000001e+00
1.1000000000000001e+00
1.1000000000000001e+00
1.2078813933978827e+00
1.1000000000000001e+00
1.1000000000000001e+00
1.5541653854123070e+00
1.1000000000000001e+00
1.5580448250746648e+00
1.1000000000000001e+00
1.1000000000000001e+00
1.4616060044289387e+00
1.1000000000000001e+00
1.1000000000000001e+00
1.4203962965675887e+00
1.1000000000000001e+00
1.1000000000000001e+00
1.7443974315852373e+00
1.1000000000000001e+00
1.5966342419604396e+00
1.5841765769129443e+00
1.1000000000000001e+00
1.6140387732897881e+00
1.1000000000000001e+00
1.6327254014023733e+00
1.6183975835841198e+00
1.1000000000000001e+00
1.1000000000000001e+00
1.5955075612169052e+00
1.1127520422390202e+00
1.1825500713244312e+00
1.1614718488886437e+00
1.1276127206051345e+00
1.1288118200618023e+00
1.1366996288420630e+00
1.1412230171090740e+00
1.1419979319590272e+00
1.2744949093281970e+00
1.1499244073133283e+00
1.1569150403987996e+00
1.2973303802198830e+00
1.1623558390736679e+00
1.1650117538182203e+00
1.1672156588673743e+00
1.1712178927004315e+00
1.1749193495566832e+00
1.1751275335532838e+00
1.4087834046722685e+00
1.1811651552907412e+00
1.1827003351357530e+00
1.1840380665497847e+00
1.1854365178468456e+00
1.4965475062821427e+00
1.1875390997060531e+00
1.3791409943531485e+00
1.1894123384848543e+00
1.1898763110851360e+00
1.2272838560147605e+00
1.1907254898473087e+00
1.7511511320878395e+00
1.1913164853206593e+00
1.1912570906095932e+00
1.1899451214692056e+00
1.1902760427107162e+00
1.1887394374766147e+00
1.4187191641791588e+00
1.1871515807525110e+00
1.1854526874432154e+00
1.1836514214729694e+00
1.2534796126911025e+00
1.2787787270938720e+00
1.1772673668715183e+00
1.1757658361883536e+00
1.1742004983581225e+00
1.6005282163512340e+00
1.1685710030724041e+00
1.1649054416297793e+00
1.1618285516437026e+00
1.1601355226033627e+00
1.4609073741063390e+00
1.1505746341976915e+00
1.4970903836890832e+00
1.1437028420441699e+00
1.1412416932307785e+00
1.5738792658830534e+00
1.5606567770915165e+00
1.1251446178963269e+00
1.1199451430511687e+00
1.1147358181839608e+00
1.6617762771217461e+00
1.6556080072818262e+00
1.1000000000000001e+00
1.2128086387996528e+00
1.1059315637140907e+00
1.1191726122503471e+00
1.1912372861211642e+00
1.1710314294678534e+00
1.1356323182849339e+00
1.1454816351611561e+00
1.1524475756568036e+00
1.1000000000000001e+00
1.1594430887962686e+00
1.1680919750064431e+00
1.1715643416235548e+00
1.1799717041698461e+00
1.1843638176251239e+00
1.2990456911822363e+00
1.1931423548334434e+00
1.1952897418947288e+00
1.2008194746661187e+00
1.2053599676314910e+00
1.3993937974770678e+00
1.1000000000000001e+00
1.2153669480384277e+00
1.2172433103489362e+00
1.3457121525183993e+00
1.4341827455291976e+00
1.2225149163713920e+00
1.2239823912713415e+00
1.3564367430318074e+00
1.3598524075797247e+00
1.2281123836098344e+00
1.2289907249534935e+00
1.2287786467083541e+00
1.2290232476257872e+00
1.1938275166202408e+00
1.2092992416165753e+00
1.2270180158325998e+00
1.4508213864192405e+00
1.2257104889855481e+00
1.1000000000000001e+00
1.2234152423043030e+00
1.1000000000000001e+00
1.2183835980640954e+00
1.2155789007762163e+00
1.2140360833230737e+00
1.2098778722375343e+00
1.7527571845004868e+00
1.2055432925840166e+00
1.2029196894265608e+00
1.1966774455232856e+00
1.1919643785554268e+00
1.6072537096533857e+00
1.1857627316452888e+00
1.1000000000000001e+00
1.4812058044019332e+00
1.1672169775416270e+00
1.1624495700389690e+00
1.1599522524428656e+00
1.5746724059536010e+00
1.1434103002565044e+00
1.1337243625441014e+00
1.1285920046301670e+00
1.1211644944542196e+00
1.1145915183190267e+00
1.6460453331085056e+00
1.1000000000000001e+00
1.1000000000000001e+00
1.1076438529626309e+00
1.1225210490580104e+00
1.1274105455655667e+00
1.1314576377577121e+00
1.1452312590163523e+00
1.1524522851072756e+00
1.1615162405589536e+00
1.1683277884145620e+00
1.1695128564455601e+00
1.1781524672658767e+00
1.1824989267027330e+00
1.1942149892495493e+00
1.1991837834611800e+00
1.2029658555427445e+00
1.2081093369302205e+00
1.3973504120721765e+00
1.2178865937627235e+00
1.2233211437601315e+00
1.2240517611265340e+00
1.2274686930586698e+00
1.2344861246366063e+00
1.2367659876537664e+00
1.2391739316292765e+00
1.2416963538312440e+00
1.2426878799533840e+00
1.4363626617600382e+00
1.2459682041943505e+00
1.8847427646522041e+00
1.2499390364861225e+00
1.2502598075382854e+00
1.2503114572516405e+00
1.2506870993723624e+00
1.2511566642495100e+00
1.2502332038317403e+00
1.2478988910946380e+00
1.2481576017204552e+00
1.2465283092038033e+00
1.2455445099232967e+00
1.2439436041922054e+00
1.2416017251808773e+00
1.2383804904314177e+00
1.2340855245767379e+00
1.2337406481522655e+00
1.2288417604874391e+00
1.8149707227880258e+00
1.5825051075620047e+00
1.2191153454515729e+00
1.2139701037795623e+00
1.5960188708137284e+00
1.2009977900363051e+00
1.2003986426905933e+00
1.1911555285182320e+00
1.1831562826439859e+00
1.1782068217640040e+00
1.1732440377330835e+00
1.1697649339069418e+00
1.1580848466134070e+00
1.1514715511940989e+00
1.6664571893754447e+00
1.1322379490398367e+00
1.1238840281179574e+00
1.1178431161635598e+00
1.1082083885990279e+00
1.5394878221080779e+00
1.2462503422474460e+00
1.2496137407187711e+00
1.2393658859959613e+00
1.2263839556167369e+00
1.6592224541497953e+00
1.1291638483378383e+00
1.6878558094532290e+00
1.1000000000000001e+00
1.1963631484886816e+00
1.1996787998549918e+00
1.2700873331181162e+00
1.2191439946789546e+00
1.2545170653614277e+00
1.2419606563648748e+00
1.2476900152278354e+00
1.2554313168594622e+00
1.2584120662248506e+00
1.3737624787093428e+00
1.2762997985772342e+00
1.2782855195801792e+00
1.3668345077385267e+00
1.4285884450444266e+00
1.4255547257165602e+00
1.2995074835263638e+00
1.3042115872693512e+00
1.3046256664932372e+00
1.3074376521880380e+00
1.3096612388285380e+00
1.3126714299303437e+00
1.3145900611043666e+00
1.3153333891541306e+00
1.3159340431390150e+00
1.3153301278348726e+00
1.3135097350666467e+00
1.3141502988246081e+00
1.3121933963515700e+00
1.3303629709334130e+00
1.3367405884361396e+00
1.3677917828470223e+00
1.3062167043006181e+00
1.3027684030833244e+00
1.3080024854786902e+00
1.2926810434826528e+00
1.2911367407907499e+00
1.2848610909509979e+00
1.5916978689065069e+00
1.5984164124849680e+00
1.2714247065543411e+00
1.2634716655074747e+00
1.6132872979071171e+00
1.2444195225246677e+00
1.3680142497946099e+00
1.4030388674509389e+00
1.3352836897162694e+00
1.3600828495983202e+00
1.5172114802994008e+00
1.5277427270756201e+00
1.5533122201398886e+00
1.1736011302017169e+00
1.5144847112637587e+00
1.1468477980276850e+00
1.1340830157555497e+00
1.1244941223857086e+00
1.1121005128211550e+00
1.1000000000000001e+00
1.1000000000000001e+00
1.1144040394475887e+00
1.1388831100400025e+00
1.2339515417276294e+00
1.1584187454059860e+00
1.1835256123788698e+00
1.1970417906323572e+00
1.2124225966880642e+00
1.2246215835337202e+00
1.2665189539665087e+00
1.2621773398956488e+00
1.2533635288488894e+00
1.2723001884871294e+00
1.2822381324570391e+00
1.2895050090464826e+00
1.2993300344088432e+00
1.3037281860522587e+00
1.3166549035103452e+00
1.3270126330532803e+00
1.3550539651565052e+00
1.3356042263228858e+00
1.3473058266109663e+00
1.3516990841559580e+00
1.3560097867876364e+00
1.4331446203620397e+00
1.4360663215922085e+00
1.2474259620543109e+00
1.4011652142875868e+00
1.3971445577882529e+00
1.3951762574816391e+00
1.7386480405482603e+00
1.2743155956706658e+00
1.3051672678619239e+00
1.3248617080426797e+00
1.3313286419251513e+00
1.3749851207507719e+00
1.3741968426053992e+00
1.3707816561403812e+00
1.3684269469042922e+00
1.3651158570073365e+00
1.3605108548824618e+00
1.3544163490120180e+00
1.3477747688549211e+00
1.3462351180626306e+00
1.3373744731409045e+00
1.3312167283772083e+00
1.5835541161554174e+00
1.3200055563651583e+00
1.3098708582305154e+00
1.2253385629677018e+00
1.2863651440144712e+00
1.2822351332534241e+00
1.2674750427588906e+00
1.2534170589889655e+00
1.2443041216686606e+00
1.2341144337368166e+00
1.2266312705183759e+00
1.2077723398477149e+00
1.1944842157283144e+00
1.1750428650178999e+00
1.1602713124506450e+00
1.1440459080732879e+00
1.1311251647508689e+00
1.1809351619176520e+00
1.1000000000000001e+00
1.7427077381755718e+00
1.2664354080375682e+00
1.1484016313359340e+00
1.1620654882398698e+00
1.1729381214413352e+00
1.6305066257539260e+00
1.2203386349070993e+00
1.2397938946466187e+00
1.2546887071550448e+00
1.2589490280658751e+00
1.1000000000000001e+00
1.2903406384231069e+00
1.5249585937595227e+00
1.3263994965724046e+00
1.2125709903027755e+00
1.3471983177772706e+00
1.3537786015334674e+00
1.7876730175623132e+00
1.3817946412157789e+00
1.3843874934239027e+00
1.1000000000000001e+00
1.4070928103215887e+00
1.4328762329937788e+00
1.4175698578004208e+00
1.4232372666229762e+00
1.4255101816715725e+00
1.4301922402799594e+00
1.4347171772773011e+00
1.4388061654515807e+00
1.4412527076511077e+00
1.4423165648905742e+00
1.2948158998769206e+00
1.4440732116396053e+00
1.4445139900757551e+00
1.4436456547329903e+00
1.4405819217086526e+00
1.4406805054832239e+00
1.4361125517127387e+00
1.5348067870005622e+00
1.4295003473472581e+00
1.4234981753754110e+00
1.4595456099949375e+00
1.4067054447882035e+00
1.4049058167114632e+00
1.3945598030213657e+00
1.3870855867240106e+00
1.5859318253485164e+00
1.3731402075367263e+00
1.3602347271805701e+00
1.6116235396803060e+00
1.3331428765751692e+00
1.3259316501703344e+00
1.6269702468895875e+00
1.2906668308648750e+00
1.2786822024506665e+00
1.6569088981545508e+00
1.2577120052318023e+00
1.2333398800167459e+00
1.6795439737992761e+00
1.1934546286671348e+00
1.6734903468670759e+00
1.1551002406060145e+00
1.1385553487286946e+00
1.2143864913776528e+00
1.1000000000000001e+00
1.1000000000000001e+00
1.1202880564303928e+00
1.1548999169506273e+00
1.2702128073854548e+00
1.1815373495279899e+00
1.2159442240723080e+00
1.2350179286299592e+00
1.6776713026125278e+00
1.2728794344829333e+00
1.2778847363052939e+00
1.3022261824577022e+00
1.3131927607635951e+00
1.2377419406409143e+00
1.3542901647605645e+00
1.2056370832743775e+00
1.3782128102194904e+00
1.3844806027470715e+00
1.2236115113660957e+00
1.4169348977135716e+00
1.4190264385960834e+00
1.4282265592421961e+00
1.4442535730333936e+00
1.4508756596114329e+00
1.4575031514207364e+00
1.4167313787527698e+00
1.4662903774814664e+00
1.4708764312510720e+00
1.4753605311360727e+00
1.4803490079239727e+00
1.3896249401935357e+00
1.4846122764605589e+00
1.4864551902004748e+00
1.4859573692250587e+00
1.4859874719181114e+00
1.4857727746640705e+00
1.4826106481413501e+00
1.8804590511094439e+00
1.4772893363306898e+00
1.5577484747219967e+00
1.4696930583202641e+00
1.4633349684429764e+00
1.5204775842338005e+00
1.4440295617498897e+00
1.4770628575108953e+00
1.6047823126844849e+00
1.4217787595646951e+00
1.4142312059846200e+00
1.4069744418792807e+00
1.2942839684131007e+00
1.3759991355449994e+00
1.3609017605792886e+00
1.3545832756585128e+00
1.3334372444828084e+00
1.3133202186150987e+00
1.3003840620350995e+00
1.6646168228617289e+00
1.2767773183422870e+00
1.2500040763278910e+00
1.6795960456522183e+00
1.2049060328060057e+00
1.1000000000000001e+00
1.1613632952519348e+00
1.1436133403593971e+00
1.6765456689028595e+00
1.1000000000000001e+00
1.2739914423589174e+00
1.1238918385622727e+00
1.1651502259558346e+00
1.2554066091195082e+00
1.1965163074284204e+00
1.2423552561790767e+00
1.2591945598958958e+00
1.2855399643453294e+00
1.3051637823487552e+00
1.3111822687713095e+00
1.3384134571812238e+00
1.3523382078860349e+00
1.3840212703462915e+00
1.4004710637986906e+00
1.4128247632974851e+00
1.4287634299464049e+00
1.4368618421688433e+00
1.3035378365084747e+00
1.4742753052923239e+00
1.4777294731099038e+00
1.4110465484005588e+00
1.5075444696662323e+00
1.5149609792299621e+00
1.1000000000000001e+00
1.5305586256665968e+00
1.5330971772751067e+00
1.5395371463838805e+00
1.2754001546512601e+00
1.5497461412363596e+00
1.3029741859238735e+00
1.2856299284245865e+00
1.5567931591289244e+00
1.1386674844557692e+00
1.5563593202271786e+00
1.1544113554299071e+00
1.7397569619330180e+00
1.5515818965216011e+00
1.5460217244980017e+00
1.7999721199603829e+00
1.5374764640937699e+00
1.5293648291933934e+00
1.5237055261932433e+00
1.5087287824221882e+00
1.5005696762003651e+00
1.4906860153987518e+00
1.6092400283920409e+00
1.4721482821748548e+00
1.6126381658098849e+00
1.4455524655850798e+00
1.4267714883031815e+00
1.6177466689346924e+00
1.4006413732076839e+00
1.3760684479434073e+00
1.3519427900173808e+00
1.3368816491493272e+00
1.6366668111546168e+00
1.3092429413026874e+00
1.2563441368673747e+00
1.2563505076662314e+00
1.2237292238716728e+00
1.1988350679444333e+00
1.1727639737841302e+00
1.1512262085576492e+00
1.1269153170789208e+00
1.6782299346482559e+00
1.1000000000000001e+00
1.3904400607820993e+00
1.1676879300496654e+00
1.1839191362603914e+00
1.1000000000000001e+00
1.2428583920554102e+00
1.2661911558622843e+00
1.2916758949516502e+00
1.3118834010621234e+00
1.3184040093210236e+00
1.2851469900227053e+00
1.3611606890489683e+00
1.3937044698232415e+00
1.4107723398821688e+00
1.4236182716540120e+00
1.4397509317692971e+00
1.4475441275823113e+00
1.3034164657139375e+00
1.4875829846093334e+00
1.8638749573045006e+00
1.5012028303663099e+00
1.5215464202245859e+00
1.5287386137143582e+00
1.4226829617222574e+00
1.5456202710449269e+00
1.5477353568005336e+00
1.5539899518457780e+00
1.5589712828081319e+00
1.3266647699753698e+00
1.5691296095013494e+00
1.2746695575280693e+00
1.5724545037055517e+00
1.1186051852632630e+00
1.5720580957349672e+00
1.5718283569869314e+00
1.5678765310061311e+00
1.5674006810190573e+00
1.5611177876689952e+00
1.5580339496000122e+00
1.5528199614698666e+00
1.5442019179776036e+00
1.3810273843512026e+00
1.5224819862119636e+00
1.5183529673849385e+00
1.5044405377706400e+00
1.6437872322065370e+00
1.5276862236822291e+00
1.4751414897107284e+00
1.4573308878833346e+00
1.4885322394442628e+00
1.4186809845883639e+00
1.4115917691265838e+00
1.5334552704433526e+00
1.3615159580633804e+00
1.6462029457121095e+00
1.6493267877109981e+00
1.3158962807135370e+00
1.2833015701186363e+00
1.2613860991382337e+00
1.2280294198667030e+00
1.2032040118096012e+00
1.1753901703049974e+00
1.1528021836519431e+00
1.1267311403294420e+00
1.1000000000000001e+00
1.1000000000000001e+00
1.4745829064109364e+00
1.1747855422370814e+00
1.1946252650341498e+00
1.2100984038376805e+00
1.2582335772516471e+00
1.2841373853087537e+00
1.3138636092460030e+00
1.3361016306277604e+00
1.2885030525010426e+00
1.3745998693617645e+00
1.3901177127523341e+00
1.4269494411779595e+00
1.4458228430083784e+00
1.4599542711497377e+00
1.4779398241300192e+00
1.4867688585103203e+00
1.3036875909186978e+00
1.5314528150844569e+00
1.3761431577065264e+00
1.5459645151509269e+00
1.5695826515596996e+00
1.5772916999759807e+00
1.4267980143861894e+00
1.5953740398478549e+00
1.5979586313823442e+00
1.2852497947364578e+00
1.6107376407677643e+00
1.6178793018526945e+00
1.6220529804292847e+00
1.2622772576464070e+00
1.6250243824252031e+00
1.6254221043985813e+00
1.6249591857026491e+00
1.7773340071473782e+00
1.1000000000000001e+00
1.6195390585648772e+00
1.6129081058635517e+00
1.7936569051607520e+00
1.6032737675913027e+00
1.5942614636559194e+00
1.3656627978768139e+00
1.5694877201106454e+00
1.5652909910029358e+00
1.5498259557768050e+00
1.6987679440707906e+00
1.5280131423051702e+00
1.5175176542014919e+00
1.5068214567660818e+00
1.4757812255707443e+00
1.4547183136567590e+00
1.4466014058125742e+00
1.5843950737338839e+00
1.3906441011148409e+00
1.3729406003567777e+00
1.3542535484351299e+00
1.3405453695297951e+00
1.3035742044189929e+00
1.2795428212063089e+00
1.2426979023512672e+00
1.3097060137935734e+00
1.1840470984458560e+00
1.1590562911330522e+00
1.7584052011139990e+00
1.1000000000000001e+00
1.1000000000000001e+00
1.1284637527776045e+00
1.1808997825939391e+00
1.2021898281172056e+00
1.2186189851259341e+00
1.2701513896158476e+00
1.2179294424346301e+00
1.2250606852634285e+00
1.3543966210818763e+00
1.3601685546159574e+00
1.2922712984571896e+00
1.2937985498927147e+00
1.2957976271078717e+00
1.2986548834427651e+00
1.3013867769525795e+00
1.3038224503541727e+00
1.5159051905937264e+00
1.3019317432144313e+00
1.5632435103127984e+00
1.5649450309638653e+00
1.5778267337226386e+00
1.8853168574971773e+00
1.6133805827906196e+00
1.8261051663963144e+00
1.6320955654889640e+00
1.6350996435148328e+00
1.6423666395412972e+00
1.6492126101680065e+00
1.3214825396915011e+00
1.6611558725610915e+00
1.2542792342417677e+00
1.6645383371303923e+00
1.6656425839014046e+00
1.6648781126413099e+00
1.6639540157694432e+00
1.6594711793550951e+00
1.6587684122795741e+00
1.2265233154082678e+00
1.6473461278979011e+00
1.6411059410793829e+00
1.6318613532122535e+00
1.3249532476322703e+00
1.2983947084479328e+00
1.6007005626851516e+00
1.5837398217936511e+00
1.5712759555290163e+00
1.5601064543850964e+00
1.5486861873013995e+00
1.5278367923592475e+00
1.5038159612960260e+00
1.4815034293862333e+00
1.4734239285344051e+00
1.6114444245372557e+00
1.4121618571009391e+00
1.8181846769881196e+00
1.3730704534784344e+00
1.3586608680758316e+00
1.5381955095397550e+00
1.2930310234062066e+00
1.2536024135632025e+00
1.8584008985677003e+00
1.1902610358763708e+00
1.1637227605357905e+00
1.7425559586583099e+00
1.1000000000000001e+00
1.7757551474498052e+00
1.3295046631729583e+00
1.4230776858683369e+00
1.8015434194476745e+00
1.7958316605806610e+00
1.2830819266860820e+00
1.3132650177021428e+00
1.3471514042045851e+00
1.3736225229403769e+00
1.3803328984011780e+00
1.4182960661233883e+00
1.4367922005150995e+00
1.4793238837945517e+00
1.5004856899868568e+00
1.5173185782793739e+00
1.5386824919219129e+00
1.5485342569161680e+00
1.5764804377677308e+00
1.5985525475057087e+00
1.6027524147865122e+00
1.3848284324428155e+00
1.6445120111002429e+00
1.6540239174016955e+00
1.6640282687084593e+00
1.6733396527158386e+00
1.6763743384641132e+00
1.6843169070346340e+00
1.6929837878600607e+00
1.7013260566328305e+00
1.7057881147952183e+00
1.5653519158899460e+00
1.7088097545741674e+00
1.1439426811187050e+00
1.7088556924824794e+00
1.7085997568273670e+00
1.7043120664514513e+00
1.7033093375930866e+00
1.6959719203959041e+00
1.6907079293423009e+00
1.6838184926914008e+00
1.6738245567892787e+00
1.6559329206078675e+00
1.6444028529224570e+00
1.6403613109246447e+00
1.6220452888097205e+00
1.6085069242478109e+00
1.5965289775477118e+00
1.5840250766487476e+00
1.5616460358418589e+00
1.5355998209760147e+00
1.5104812219574268e+00
1.5023231776541748e+00
1.4685343045410424e+00
1.4367517491455504e+00
1.4165126530587981e+00
1.3944289246793526e+00
1.3787707740211188e+00
1.3365498008489225e+00
1.3082194912092768e+00
1.2654084276511028e+00
1.2338263387806920e+00
1.1973272833933648e+00
1.1686491928016998e+00
1.3966700725023129e+00
1.1000000000000001e+00
1.7593593385604755e+00
1.1340977858858559e+00
1.1931037641955053e+00
1.2177853228382116e+00
1.2948998901763549e+00
1.2973867895322768e+00
1.3293376689035226e+00
1.3662480208629393e+00
1.3939103422026053e+00
1.1988553993475843e+00
1.8132339665540940e+00
1.5884986236785250e+00
1.2820317161548709e+00
1.5305447541096633e+00
1.5487428292302408e+00
1.3025285636276627e+00
1.4225848555744027e+00
1.3038074636195818e+00
1.5185434915318774e+00
1.6417338614642238e+00
1.6559931042646407e+00
1.4000418901948397e+00
1.3210909283197771e+00
1.8720075837399162e+00
1.7174707402651572e+00
1.3425810322720397e+00
1.7294966759905925e+00
1.3475515548937516e+00
1.1731683278444844e+00
1.2140484416022261e+00
1.7529233241652051e+00
1.7547127067935588e+00
1.7558812959046790e+00
1.7541525264030415e+00
1.7529401709292867e+00
1.7485471666229548e+00
1.1252201493531426e+00
1.1330590430529199e+00
1.7348276778567124e+00
1.7275540121624131e+00
1.7170834583241523e+00
1.4208955562069692e+00
1.6849161694209500e+00
1.6800689604125070e+00
1.6606056247765704e+00
1.6464091812083943e+00
1.6335976052818200e+00
1.6202601161929460e+00
1.5962228990177378e+00
1.3476922287802897e+00
1.3660311264969822e+00
1.5869515391262694e+00
1.5643531347375170e+00
1.4955916684032058e+00
1.4398715132541069e+00
1.4168116180269292e+00
1.3998417751721188e+00
1.3539524937899032e+00
1.3241685269523498e+00
1.2778484377823871e+00
1.7596410946625991e+00
1.2047827308448764e+00
1.1735899548418425e+00
1.1373786192350028e+00
1.1000000000000001e+00
1.1000000000000001e+00
1.1363039852415588e+00
1.7250017986816910e+00
1.2253936635511584e+00
1.2470783838006729e+00
1.3096753641508105e+00
1.3769849723945502e+00
1.1701642087136364e+00
1.6060190316826466e+00
1.4215181918875492e+00
1.4635697315750604e+00
1.4849576740882322e+00
1.5330010314982532e+00
1.5575527948469361e+00
1.5764794794604240e+00
1.6001273239569149e+00
1.6122896681478505e+00
1.6441988619171624e+00
1.6705762277248735e+00
1.6759944103949749e+00
1.6910386674126552e+00
1.7212719174831870e+00
1.7328167032171669e+00
1.7445309163541731e+00
1.7557363230344207e+00
1.7594207357391844e+00
1.7680967803975371e+00
1.7772952986997625e+00
1.7860231958606139e+00
1.7915441670479697e+00
1.7935700202184301e+00
1.1915019019003183e+00
1.1167296953906740e+00
1.7940404356404842e+00
1.1000000000000001e+00
1.7883651064970703e+00
1.7877945350781586e+00
1.7802011725184750e+00
1.7738825747449516e+00
1.7665274989689570e+00
1.7553675028978968e+00
1.4633001557658167e+00
1.7214620297881851e+00
1.4916393880217793e+00
1.4826073096196364e+00
1.6803054612323489e+00
1.7359021559079644e+00
1.6524642827050160e+00
1.6267552682121962e+00
1.5974202458881719e+00
1.5701052461592819e+00
1.5581847753337106e+00
1.5207158876568938e+00
1.4845648552520558e+00
1.4607756751551144e+00
1.4390630271393365e+00
1.4183429713517031e+00
1.3700610945198173e+00
1.3384785083047164e+00
1.2879945279552296e+00
1.1000000000000001e+00
1.2114558989483428e+00
1.3023589785384644e+00
1.1398893955677203e+00
1.2218004189079352e+00
1.4134898720954145e+00
1.4132203712516911e+00
1.2041212221757260e+00
1.2313103116945920e+00
1.4127493611506243e+00
1.3195576756315079e+00
1.3556613878731665e+00
1.3960435145005534e+00
1.4272820337982322e+00
1.4376117001167985e+00
1.4813718104547364e+00
1.5035701554720815e+00
1.5543750264007514e+00
1.5798914334777809e+00
1.6003293590467467e+00
1.6248383727432612e+00
1.6373241381784231e+00
1.6706029235662943e+00
1.6989183872904738e+00
1.7034793630750134e+00
1.7200982977064463e+00
1.1000000000000001e+00
1.5096636234347638e+00
1.5106449767347463e+00
1.7879510505144565e+00
1.7917414152745086e+00
1.5106803778143540e+00
1.8105433136754281e+00
1.1000000000000001e+00
1.8255750117065128e+00
1.8282328199798679e+00
1.8298801372812721e+00
1.8296373237078027e+00
1.8291169888425871e+00
1.2878869134267301e+00
1.8240602659156473e+00
1.8222764539766239e+00
1.1000000000000001e+00
1.8070399769199623e+00
1.1653367703600732e+00
1.7876302168964200e+00
1.7700006738641385e+00
1.7525743529402782e+00
1.7472797496922621e+00
1.7251194528404792e+00
1.7087461887141941e+00
1.6945898907328965e+00
1.6796039398988798e+00
1.6521437106898431e+00
1.1788483139878672e+00
1.5939073686822780e+00
1.5817336180769213e+00
1.5409828838017074e+00
1.5032965333378780e+00
1.4786289918738060e+00
1.4532439118992568e+00
1.4866375514083068e+00
1.3831888530878780e+00
1.3500480772162691e+00
1.2972207503035196e+00
1.1000000000000001e+00
1.2175142829889227e+00
1.2745156083380291e+00
1.1415968527991776e+00
1.1000000000000001e+00
1.1000000000000001e+00
1.1381820703370589e+00
1.2056830635271052e+00
1.4047147332961059e+00
1.2556432273743872e+00
1.3679732792089525e+00
1.3589039329643668e+00
1.4007247796519744e+00
1.4329151181074078e+00
1.4422845766956955e+00
1.4871770112309781e+00
1.3183182392822270e+00
1.3099056697997609e+00
1.5872884416730986e+00
1.6078522331337917e+00
1.1913545914472210e+00
1.6452508763392786e+00
1.6798833978710632e+00
1.7079071004951432e+00
1.7131806265349243e+00
1.7295065385266566e+00
1.7615743724380493e+00
1.7733635760963880e+00
1.7860430111792689e+00
1.7986729556632250e+00
1.8020761558027316e+00
1.5095101721053863e+00
1.8211745182728938e+00
1.1484447151067172e+00
1.8365156632433670e+00
1.8393991921561150e+00
1.8410759442974778e+00
1.8406952211290513e+00
1.8401757745623286e+00
1.2591745151337630e+00
1.8344339897861197e+00
1.1733179920737584e+00
1.8245271122498086e+00
1.8179845363956770e+00
1.1000000000000001e+00
1.7975282237821055e+00
1.7801165687616920e+00
1.7620451896195508e+00
1.7563166567537449e+00
1.7342960051987240e+00
1.7182457807695084e+00
1.7037207522114692e+00
1.6890216223738170e+00
1.6612544961405278e+00
1.4380711898040810e+00
1.5997992186459113e+00
1.5892766803414440e+00
1.5476506185960361e+00
1.5091593601019875e+00
1.8176627378833303e+00
1.4583181993866106e+00
1.4393211878119023e+00
1.3873903651851658e+00
1.3536880243684131e+00
1.3004187539903407e+00
1.8284806955191317e+00
1.2185316331823479e+00
1.1835257414125897e+00
1.1298202403986368e+00
1.1000000000000001e+00
1.4113788808367482e+00
1.4126446391325107e+00
1.2099428958258249e+00
1.2390874025504766e+00
1.4085360117011454e+00
1.3615651546195318e+00
1.4967255603555609e+00
1.3795502162210873e+00
1.4466496276717375e+00
1.4563454366723145e+00
1.3122256665223835e+00
1.3652591194041261e+00
1.5807873733839120e+00
1.6080917183980263e+00
1.6294004404502647e+00
1.3423885145093444e+00
1.6694138395064324e+00
1.6376652171950579e+00
1.7337307713931711e+00
1.7385134459627207e+00
1.7561295971429907e+00
1.7899389831865717e+00
1.6988038397998557e+00
1.8154180137628744e+00
1.5069368490402029e+00
1.8321707456001317e+00
1.5066240153264348e+00
1.8523609908154577e+00
1.1595365991548179e+00
1.8682374737188034e+00
1.8706636352904302e+00
1.8722297560608114e+00
1.8729856743376831e+00
1.2388598598120226e+00
1.8707467911652751e+00
1.8646575756945587e+00
1.8642912683925417e+00
1.8546919254348444e+00
1.8487379150812717e+00
1.8401383827739106e+00
1.8278456053395147e+00
1.4479431507975238e+00
1.7908213569522369e+00
1.7853232866573192e+00
1.7615838821814354e+00
1.7443748165044659e+00
1.7294937225360343e+00
1.7141802576251963e+00
1.6856470029434714e+00
1.4203651448006043e+00
1.6211425951595670e+00
1.6095393878494553e+00
1.5668874845485463e+00
1.5268821539323123e+00
1.6769572381096629e+00
1.4736512417657377e+00
1.5137030399054632e+00
1.5046394997460513e+00
1.7193771221362517e+00
1.3096024671985234e+00
1.1691427087621178e+00
1.2237033148169649e+00
1.1868221757556436e+00
1.1827144862591386e+00
1.1000000000000001e+00
1.1000000000000001e+00
1.1419521479019643e+00
1.4874177541088636e+00
1.2463583454529406e+00
1.2707545987853124e+00
1.3441637509181621e+00
1.3839783663093066e+00
1.4292531735712091e+00
1.4640373248004031e+00
1.4743956955494579e+00
1.5238687723788946e+00
1.5483284080383428e+00
1.6043824557076543e+00
1.6332339876061572e+00
1.6555054592401102e+00
1.6833605144968564e+00
1.6974609691438893e+00
1.3378653165862746e+00
1.7650523479466813e+00
1.7702304983324086e+00
1.4870882858117498e+00
1.8239805300502625e+00
1.4727545718084520e+00
1.8510834355535284e+00
1.8650313103208249e+00
1.8690721459294055e+00
1.8444263479945977e+00
1.8896539667568779e+00
1.1000000000000001e+00
1.9065988385196848e+00
1.1000000000000001e+00
1.9106863174467745e+00
1.9115773870873396e+00
1.9110546163440247e+00
1.9094023015230639e+00
1.9031700225783239e+00
1.9023001241031798e+00
1.4775250391525188e+00
1.8854326808467095e+00
1.8770341855144090e+00
1.8635677486610607e+00
1.8835548764853776e+00
1.8248426028096354e+00
1.4453624831078902e+00
1.7942847423892283e+00
1.2471409373057740e+00
1.7607851523859224e+00
1.2704357186355297e+00
1.7141622163025949e+00
1.3830547298617564e+00
1.6473668000023163e+00
1.6353747998065178e+00
1.5905691920052476e+00
1.5481080208566447e+00
1.6631860686171525e+00
1.4925511065346850e+00
1.4715093954241873e+00
1.4145879016506842e+00
1.3773501803900423e+00
1.3201390694941917e+00
1.2766643096186472e+00
1.2292958995390360e+00
1.1913894843581105e+00
1.2048622442169010e+00
1.1000000000000001e+00
1.4058023147553496e+00
1.1431648390217879e+00
1.2197980164198814e+00
1.4096958975592215e+00
1.2766961931848018e+00
1.3528494565159201e+00
1.3944364070172692e+00
1.3369764820781083e+00
1.4771925564871571e+00
1.4877369444399435e+00
1.7478882336331996e+00
1.5639821185126768e+00
1.6226705729983533e+00
1.6522966663546725e+00
1.5718862676244043e+00
1.7044480689554649e+00
1.7187779923427773e+00
1.2184999104265857e+00
1.7890420745541642e+00
1.7946224222791112e+00
1.8144826280006310e+00
1.8491043198330699e+00
1.4894453060232604e+00
1.8775452542258899e+00
1.8917520472747105e+00
1.8961669460194370e+00
1.8541021295756939e+00
1.9174810077664746e+00
1.2014429566808804e+00
1.9352017057420565e+00
1.2546370883394964e+00
1.9390100451105154e+00
1.9407737416469344e+00
1.5429736328143560e+00
1.9379626830721062e+00
1.9320901084035995e+00
1.9310714721643742e+00
1.9204967329132860e+00
1.9135800415665773e+00
1.4829278160476642e+00
1.8899514886299873e+00
1.8717740491958368e+00
1.8501577016276407e+00
1.8438614588010127e+00
1.8188337806571384e+00
1.1889914219562869e+00
1.7845885610244787e+00
1.7674590443992195e+00
1.7353998391905636e+00
1.1000000000000001e+00
1.6667017174852854e+00
1.6542058715197621e+00
1.4337482280905973e+00
1.5644246608472734e+00
1.4506775882786236e+00
1.5059636702080663e+00
1.4846598127708943e+00
1.5034181012217505e+00
1.3875311827651990e+00
1.3279482419883781e+00
1.2830260913436662e+00
1.9106756823476494e+00
1.1944261399794047e+00
1.1482273498588660e+00
1.1000000000000001e+00
1.1000000000000001e+00
1.1435041914661737e+00
1.2214775217060676e+00
1.2535258383161740e+00
1.2787732746006888e+00
1.3563964778104511e+00
1.3975037764540135e+00
1.4456630542832714e+00
1.4824934982485312e+00
1.4931234572092602e+00
1.5452822525174565e+00
1.9180834790845791e+00
1.6298538767980812e+00
1.6598176585673887e+00
1.9147188372699493e+00
1.7128126504475922e+00
1.7268963816491505e+00
1.2348101615489375e+00
1.7988800544436878e+00
1.8049620543799023e+00
1.8241111417548104e+00
1.1000000000000001e+00
1.4997272028777304e+00
1.8892593098796193e+00
1.9025784150976139e+00
1.9072113283371348e+00
1.8673646855760930e+00
1.9285158258300126e+00
1.9392491137973686e+00
1.9470320689072329e+00
1.2367943270817419e+00
1.2515505755575229e+00
1.9529871263246048e+00
1.1901904090595030e+00
1.1668684314137461e+00
1.9438301660832624e+00
1.4287683423828157e+00
1.9313679446470517e+00
1.9250385417469347e+00
1.9153847075496866e+00
1.9006050290929242e+00
1.8823954727985408e+00
1.8611110946855980e+00
1.8550315242127451e+00
1.8287763934930252e+00
1.8103129341200943e+00
1.7935998239046131e+00
1.7773061919861968e+00
1.1213871080407145e+00
1.7073509847797901e+00
1.4037308103490285e+00
1.7133582171668991e+00
1.6145170058132159e+00
1.5703947300301540e+00
1.4045453309244613e+00
1.5117576340287107e+00
1.8765123310051328e+00
1.4297502492509961e+00
1.3906981686568149e+00
1.2972283597265406e+00
1.2859962129888156e+00
1.2357620918496630e+00
1.2025700428920121e+00
1.1484712524817235e+00
1.1887533678471855e+00
1.4032749069508790e+00
1.1459257378644632e+00
1.2268520121355844e+00
1.3992481506344663e+00
1.2867586524308652e+00
1.3677413735128718e+00
1.4100437479474812e+00
1.3553918094094659e+00
1.4986772274287159e+00
1.5096766891152889e+00
1.5647518867657879e+00
1.7837464742760747e+00
1.7969761780766360e+00
1.6846673073512861e+00
1.6401956452959758e+00
1.7387500903917912e+00
1.7539227591526110e+00
1.2431630571034811e+00
1.8270825724774331e+00
1.8332719230449293e+00
1.8538418997288646e+00
1.8924080127078233e+00
1.5071619309811983e+00
1.9219604604484364e+00
1.9366267644735495e+00
1.9415007537673383e+00
1.4665894812595930e+00
1.9641611412989435e+00
1.9747905370020031e+00
1.9821439492222477e+00
1.2183282497691548e+00
1.9868153582131862e+00
1.9887583072353550e+00
1.1233769941548850e+00
1.9856689199720066e+00
1.9791819348856889e+00
1.1000000000000001e+00
1.9667233739010652e+00
1.9602889517884701e+00
1.9501954845899507e+00
1.9352762920901523e+00
1.3788761792045439e+00
1.5207936558205268e+00
1.8857920513494126e+00
1.1000000000000001e+00
1.8408463980189107e+00
1.2268684772373519e+00
1.8051448624232227e+00
1.1596938049183008e+00
1.7340456597477640e+00
1.7000911403384673e+00
1.6853904912627133e+00
1.6363218290642731e+00
1.5904488528668352e+00
1.3686516923671594e+00
1.5298321575877720e+00
1.5065668432634145e+00
1.4442286940445423e+00
1.3190588889400925e+00
1.3413627911998613e+00
1.3257172271178068e+00
1.2420045494795431e+00
1.2473761893857098e+00
1.1508186294302150e+00
1.1000000000000001e+00
1.1000000000000001e+00
1.1463485858469511e+00
1.2286315973527460e+00
1.3940913010197784e+00
1.2892342426547523e+00
1.3709110746799416e+00
1.3485780745640463e+00
1.4655129248214118e+00
1.5041092337935826e+00
1.5155418661750739e+00
1.5702119032112158e+00
1.5968298811899775e+00
1.6596967353398784e+00
1.6919187701398939e+00
1.7164779482152410e+00
1.7474553837105269e+00
1.7627637362398723e+00
1.2599639504470146e+00
1.8369290035622523e+00
1.8431515834573737e+00
1.8635616985349364e+00
1.9033421840824620e+00
1.9175828731182112e+00
1.9329504228339720e+00
1.9482309297084173e+00
1.1000000000000001e+00
1.9644071795196572e+00
1.9754616530330729e+00
1.9870273499725959e+00
1.9939647627807373e+00
1.4855265027241540e+00
1.9990545054103712e+00
2.0008115817811292e+00
1.9992763525268931e+00
1.9977291899703216e+00
1.9912174295890479e+00
1.5106060566428436e+00
1.9791320503422620e+00
1.4977596929248334e+00
1.9621721154116412e+00
1.5208411856168507e+00
1.9270179848181974e+00
1.9033614883827197e+00
1.8960710270390264e+00
1.8695933877828872e+00
1.8506581926985808e+00
1.6863450196262431e+00
1.8147197672724822e+00
1.2939646089228547e+00
1.7431622145856005e+00
1.7075101347361950e+00
1.6939415349158462e+00
1.5843538566529771e+00
1.5974499460548677e+00
1.5433039697754720e+00
1.5352643983302212e+00
1.1000000000000001e+00
1.4489851557781077e+00
1.3554144396513785e+00
1.3445997077150165e+00
1.3694443909314082e+00
1.2439690214733305e+00
1.2014696482531073e+00
1.1285973452328355e+00
1.1000000000000001e+00
1.1000000000000001e+00
1.1364290446205449e+00
1.1000000000000001e+00
1.2662396768965505e+00
1.2935148050148073e+00
1.3772779703864340e+00
1.1862583073952029e+00
1.4740566767320380e+00
1.5136849323740562e+00
1.5248931058862116e+00
1.2897452223103905e+00
1.2081447544884718e+00
1.6729649712516679e+00
1.3563527217794111e+00
1.7314233454964212e+00
1.5074286486227568e+00
1.7788052651104100e+00
1.5920516860518332e+00
1.8548700739059587e+00
1.1860178880082330e+00
1.2235534896535289e+00
1.2438410249165690e+00
1.9374272493609879e+00
1.2891332680767562e+00
1.9682414951979275e+00
1.9729812547931360e+00
1.9850351063656211e+00
1.9961093390710787e+00
2.0080842478453058e+00
2.0152832392088529e+00
1.7987818916432328e+00
2.0205215028325672e+00
1.5008860426456572e+00
2.0212215173519934e+00
1.7373424998056510e+00
2.0127157786815535e+00
2.0106358666784665e+00
1.9998674453443481e+00
1.4999045586389503e+00
1.9827866575771969e+00
1.5218513750847726e+00
1.9466990045923238e+00
1.5182177332529498e+00
1.4104869221399081e+00
1.8880390125011046e+00
1.8686471297507519e+00
1.4301148652948870e+00
1.8317075400608072e+00
1.3198277647039893e+00
1.7590148715566594e+00
1.5747097691178129e+00
1.7081794408270679e+00
1.5805104261370841e+00
1.6093666263967410e+00
1.1000000000000001e+00
1.5456501806541587e+00
1.5217629133587267e+00
1.4573281804280753e+00
1.2113109588173570e+00
1.3504852619072407e+00
1.3349406354829725e+00
1.2472627333388717e+00
1.2037304889117577e+00
1.7952879541490541e+00
1.1000000000000001e+00
1.1000000000000001e+00
1.1483778844528101e+00
1.2334539927842141e+00
1.2687180487684331e+00
1.2970060955805187e+00
1.3816186367746603e+00
1.4270616235235078e+00
1.4796930730638658e+00
1.5202091771182342e+00
1.5314951364963068e+00
1.5887112192361990e+00
1.6167205705739511e+00
1.6819961627369497e+00
1.3569718492735332e+00
1.7410619370603644e+00
1.7730611701436838e+00
1.7889821116695614e+00
1.1000000000000001e+00
1.8678104453596149e+00
1.8745296023482696e+00
1.8953551033920668e+00
1.9357174113475490e+00
1.9508792173601270e+00
1.3140602836065152e+00
1.9822366881820745e+00
1.9872530122636969e+00
1.8582925858574324e+00
2.0103545916915166e+00
1.4638806156031834e+00
2.0301452336669690e+00
1.6201053195656663e+00
2.0352082988041515e+00
2.0365523764825983e+00
2.0351682728861178e+00
2.0334398900810129e+00
2.0264141214173597e+00
2.0250542494899446e+00
2.0141718991467044e+00
1.5057026238569349e+00
1.9965724947595829e+00
1.5218069536675394e+00
1.9602369843918352e+00
1.9368168476374870e+00
1.9293056181152639e+00
1.9009697346955370e+00
1.8805342836439685e+00
1.8317592508940963e+00
1.8433153443060859e+00
1.3326338289358437e+00
1.7690291358500829e+00
1.7313016053394987e+00
1.7168606685668750e+00
1.6657356578908002e+00
1.6169769341511964e+00
1.5596898535554933e+00
1.5522626979852574e+00
1.5283710645986361e+00
1.4629174976379069e+00
1.4198661262249876e+00
1.3541342547383466e+00
1.7898027205682681e+00
1.2495962592564680e+00
1.2054752081253959e+00
1.1000000000000001e+00
1.1000000000000001e+00
1.1767002713667021e+00
1.1543938483733502e+00
1.2358089629988060e+00
1.1000000000000001e+00
1.3003269016378991e+00
1.5763839871989875e+00
1.4328660746965105e+00
1.4864059385872823e+00
1.5272170889695713e+00
1.2437531202230785e+00
1.5348539931290244e+00
1.6262651642840675e+00
1.6927661437982180e+00
1.7263915837382533e+00
1.7526484284314208e+00
1.7854127234431472e+00
1.8018702222213392e+00
1.3419852514334334e+00
1.8816365543874940e+00
1.8876726194295470e+00
1.1581226920462313e+00
1.9502974167031029e+00
1.9666008564600748e+00
1.8015353262936049e+00
1.9982932732779670e+00
2.0032862146954291e+00
2.0155592968731546e+00
2.0265430906649118e+00
1.6131604382581002e+00
2.0472127955405366e+00
1.7414212874614343e+00
2.0521267340538385e+00
2.0526972534689509e+00
2.0518667574232432e+00
1.1000000000000001e+00
2.0439217963753000e+00
2.0422985670612634e+00
2.0305306180796463e+00
1.1907654589495660e+00
2.0130334619521877e+00
1.7993381686449654e+00
1.9758040878403273e+00
1.4958558765551973e+00
1.9439696570524416e+00
1.9155875941131784e+00
1.8948187476046308e+00
1.4036449102247728e+00
1.8568765420497486e+00
1.3623399388214954e+00
1.7813238066731922e+00
1.7429600875376761e+00
1.7279263049066800e+00
1.5622380012928327e+00
1.6261600921393391e+00
1.5683852866483410e+00
1.5606014298425914e+00
1.5358887568030690e+00
1.1582137800338255e+00
1.1815035366190652e+00
1.3585715691996507e+00
1.2756241645264448e+00
1.2522011858586617e+00
1.2070965096754578e+00
1.1000000000000001e+00
1.1000000000000001e+00
1.1000000000000001e+00
1.1495601941022868e+00
1.2372602525173280e+00
1.2739292627866876e+00
1.3030718882210390e+00
1.3905099856939998e+00
1.4369651269932775e+00
1.4915400782346260e+00
1.2207876712042922e+00
1.5456171175877063e+00
1.6033618614216738e+00
1.6319337961446492e+00
1.7003303086180475e+00
1.7342387129610559e+00
1.7607681662394079e+00
1.7936635736067152e+00
1.8101650632438411e+00
1.3548807292498086e+00
1.8912551850265356e+00
1.1739506670520476e+00
1.9197985401093969e+00
1.9606908476010212e+00
1.9768347254455239e+00
1.1000000000000001e+00
2.0096181176655845e+00
2.0153134545381084e+00
2.0270324766900556e+00
1.4420568942847449e+00
1.6700763608288551e+00
2.0592955684580154e+00
1.4678212804828110e+00
2.0639782258588357e+00
2.0643507793227167e+00
1.3699829829978682e+00
2.0628559970550326e+00
2.0557072955312057e+00
2.0541925450009684e+00
2.0415945560865945e+00
1.1669970751718561e+00
2.0237862802165405e+00
2.0075879973457349e+00
1.9856172247135955e+00
1.9619610175820605e+00
1.9545223218348440e+00
1.4875892844395699e+00
1.9041321513059846e+00
1.8856881556675700e+00
1.8657475579866309e+00
1.3771714454626323e+00
1.7899256119524711e+00
1.7506435576033421e+00
1.7358941809127864e+00
1.6828939828947418e+00
1.6329811858691623e+00
1.6005131576175948e+00
1.5658516933454341e+00
1.5407962038232799e+00
1.4740682868176163e+00
1.4295834757146604e+00
1.3621042697860737e+00
1.7921965714765302e+00
1.2541195786646340e+00
1.2080811917998548e+00
1.1689261895148706e+00
1.1000000000000001e+00
1.1000000000000001e+00
1.1683717795919770e+00
1.2385460230247378e+00
1.2750837448902212e+00
1.6497802918036297e+00
1.3918415166458169e+00
1.3066179949782224e+00
1.4935738929099629e+00
1.5349465199551044e+00
1.5477732837684151e+00
1.7137472194198580e+00
1.6350823776133445e+00
1.7036141758668406e+00
1.7375586798815685e+00
1.7640420136340333e+00
1.7971055585502962e+00
1.3574943521528140e+00
1.8577042533623007e+00
1.8954831847096358e+00
1.9026964400485165e+00
1.9235308834919154e+00
1.9653736687921288e+00
1.9810589628655288e+00
1.8850412583681329e+00
2.0145364644052539e+00
2.0203525623370986e+00
2.0308520882005494e+00
1.4258877520102120e+00
2.0550018037612499e+00
2.0638807914773292e+00
1.3267125787643679e+00
2.0693717943219689e+00
1.4107325338401038e+00
1.7415797870437697e+00
2.0680773038360361e+00
2.0604297500417088e+00
2.0589657573634610e+00
1.1475272439983304e+00
2.0391291475774991e+00
2.0283490689412860e+00
1.1212704441096211e+00
1.9900273862090976e+00
1.9666023097520626e+00
1.9591251882778353e+00
1.9294684387656120e+00
1.4765119483345002e+00
1.8899483964000074e+00
1.5177504278817384e+00
1.8339626778889293e+00
1.7931835734491040e+00
1.7538074225781968e+00
1.8385198877504816e+00
1.6856195934187648e+00
1.6359841897023033e+00
1.6038226409779521e+00
1.2900778199084484e+00
1.2527514405891587e+00
1.4765012794144408e+00
1.4312304522192103e+00
1.3632955773633100e+00
1.3108979806614243e+00
1.2554316926242426e+00
1.5881001514999245e+00
1.5878461910674750e+00
1.1000000000000001e+00
1.1000000000000001e+00
1.1504123471706982e+00
1.2405730567402122e+00
1.1000000000000001e+00
1.3067627285619632e+00
1.3958714972389428e+00
1.3981740578661630e+00
1.4988309257942778e+00
1.5414577593019652e+00
1.2893703097144376e+00
1.2738756997860226e+00
1.6432346950088084e+00
1.7114334415463226e+00
1.1000000000000001e+00
1.7731227818086486e+00
1.8065881372910093e+00
1.8238632281509020e+00
1.8676459254658984e+00
1.6528986168529047e+00
1.9112105038152660e+00
1.9333473259472305e+00
1.2664059171344395e+00
1.9926661781479829e+00
1.4393450747137988e+00
2.0255081048573351e+00
1.4025843064324861e+00
2.0430661573211406e+00
2.0550907520359347e+00
2.0681379754991465e+00
2.0765661695408624e+00
1.8522073889717721e+00
2.0823359242511841e+00
2.0828799831882692e+00
1.3774277466899818e+00
2.0810000262210218e+00
2.0733019345812624e+00
1.1243871587707599e+00
2.0598191241909163e+00
2.0524269964655701e+00
1.1000000000000001e+00
2.0252646606203206e+00
2.0016091442059514e+00
1.7768492761924903e+00
1.9701617470197901e+00
1.9407291251885190e+00
1.5116787421610318e+00
1.9004945235971333e+00
1.8801187472722440e+00
1.1993831816234477e+00
1.2059614130556109e+00
1.7631245389034100e+00
1.7483010764625169e+00
1.6933026264967088e+00
1.6428249122019882e+00
1.6101274668762675e+00
1.4219677450789656e+00
1.5496281905442011e+00
1.4814778900515513e+00
1.4360684124899117e+00
1.1361669078222225e+00
1.3138301919774857e+00
1.2571804434506537e+00
1.2107952451461550e+00
1.5874063057946564e+00
1.1000000000000001e+00
1.1000000000000001e+00
1.1351811103741973e+00
1.2414592384826961e+00
1.2779895001660027e+00
1.3079687216032361e+00
1.3974831275824742e+00
1.4452028482092421e+00
1.3118303557991959e+00
1.5436001861560464e+00
1.2628077739271755e+00
1.1000000000000001e+00
1.6458610665729498e+00
1.7140047183924747e+00
1.7496905866710166e+00
1.7765030434701694e+00
1.8098787310086604e+00
1.8272538226919601e+00
1.3572289222129148e+00
1.9088940584848835e+00
1.9157364158236758e+00
1.9379526295116214e+00
1.9814318600456995e+00
1.9970317667101316e+00
2.0122887900184754e+00
2.0287312252842140e+00
1.4219796893570951e+00
1.4364611867390069e+00
2.0601140401895592e+00
1.2982911457368573e+00
2.0813463051131897e+00
2.0845761592145924e+00
2.0866088168227859e+00
2.0871375516830328e+00
2.0862495331155833e+00
1.3488028411179409e+00
2.0783014293511535e+00
2.0769720590153642e+00
2.0648291731191328e+00
2.0564502643571689e+00
2.0455505423536549e+00
2.0292924076433438e+00
1.3033550709796109e+00
1.9815569011971950e+00
1.7805845527606157e+00
1.9444918957953130e+00
1.9231924547967876e+00
1.9038744834543415e+00
1.8839608209272423e+00
1.8480015671050376e+00
1.8059801964484963e+00
1.7662693130240770e+00
1.7512236751180483e+00
1.7975967819992955e+00
1.6456473126084379e+00
1.6123563151903637e+00
1.5772505749773185e+00
1.5515839789525261e+00
1.5763429299845377e+00
1.4383712737131111e+00
1.5721100493564830e+00
1.5336976179868500e+00
1.2585037871829505e+00
1.2113691808338847e+00
1.5877739493029044e+00
1.1000000000000001e+00
1.1000000000000001e+00
1.1516254877544743e+00
1.2423275934090414e+00
1.2793652957559440e+00
1.1573729786556179e+00
1.7216164807599936e+00
1.4478830190474115e+00
1.5041054284491295e+00
1.9116504779628387e+00
1.5602256922437223e+00
1.6202889274610381e+00
1.6506970261604847e+00
1.6162676686484987e+00
1.7556260798896330e+00
1.7827952879760212e+00
1.8173657701339359e+00
1.3566806688423554e+00
1.3548506377450575e+00
1.9164708838556799e+00
1.9229893936418772e+00
1.9458853594640964e+00
1.9897618536443198e+00
2.0059974260538533e+00
2.0227765268590479e+00
2.0394970701887840e+00
2.0448358307700190e+00
2.0565722033066089e+00
2.0687412241161103e+00
2.0817526740074466e+00
2.0895308460168742e+00
2.0928579215439123e+00
2.0952087031041402e+00
2.0967585446875683e+00
2.0959994411409593e+00
2.0944609502898177e+00
1.7775069160555415e+00
1.3362051314310548e+00
2.0729050369672510e+00
1.7357413360057401e+00
2.0551872546848027e+00
1.3339600363062651e+00
1.5613126819606864e+00
1.9913563221740038e+00
1.9832605075560545e+00
1.9527088990264188e+00
1.9312492874307543e+00
1.9115313211108627e+00
1.8911482086710973e+00
1.8545614723510022e+00
1.8123125927680905e+00
1.7725228813164680e+00
1.7571116360181505e+00
1.2668971142920677e+00
1.6507754994516128e+00
1.3711392434936809e+00
1.5820807450999113e+00
1.5562562810703175e+00
1.4865943532593942e+00
1.4405297372941797e+00
1.3701078185250970e+00
1.3168581944786089e+00
1.2589485998302026e+00
1.2122694522984561e+00
1.5868240837135150e+00
1.1000000000000001e+00
1.1570394593821642e+00
1.1559734391257726e+00
1.4648326647248022e+00
1.3448801080540778e+00
1.3102204604854242e+00
1.3998803607885226e+00
1.1396456423656713e+00
1.5051358002729474e+00
1.5481433828394409e+00
1.5611974783191247e+00
1.6285625003080464e+00
1.6516140965092858e+00
1.7091813224443615e+00
1.7568903322829705e+00
1.7840170942254798e+00
1.8182880488214661e+00
1.8347645333982736e+00
1.6892618365676997e+00
1.9178136173499680e+00
1.9252901352438059e+00
1.9473993183742078e+00
1.1943409350658232e+00
1.6649357387764046e+00
1.1992181942207532e+00
1.1995370139414188e+00
2.0460221780180068e+00
1.2020756107914956e+00
2.0703031048307663e+00
1.2050363290887984e+00
1.2045775596491617e+00
1.2046869937956155e+00
1.4132866238348092e+00
1.2055769972638379e+00
1.2027620793191576e+00
2.0960337133739433e+00
2.0883222750303272e+00
2.0867500494289439e+00
2.0745643304531449e+00
1.3840170348677550e+00
2.0561388038631709e+00
1.3779695490406598e+00
2.0159267744461569e+00
1.9919857034314838e+00
1.4737299247272277e+00
1.9543361121726335e+00
1.4607908050934713e+00
1.9132656098262433e+00
1.8924071609434956e+00
1.8558199737032788e+00
1.8136303035361860e+00
1.1000000000000001e+00
1.7581923035000657e+00
1.1547232550468356e+00
1.6517661125944247e+00
1.3236326451151974e+00
1.5827007050276733e+00
1.3355332834864542e+00
1.5590008094730399e+00
1.8013578388492606e+00
1.5361656685559115e+00
1.3174365242051154e+00
1.5067476072490318e+00
1.2125892864571923e+00
1.5832133984630694e+00
1.1000000000000001e+00
1.1000000000000001e+00
1.1514602825526732e+00
1.2429214617033815e+00
1.2804889656447203e+00
1.3105652119242941e+00
1.3997575518026499e+00
1.7660171571518823e+00
1.5052806052768803e+00
1.1423131339162871e+00
1.5610781344375122e+00
1.6217521868244369e+00
1.6514408521589465e+00
1.1000000000000001e+00
1.6940606104698406e+00
1.8112945519534913e+00
1.8102331772865616e+00
1.8349392007083489e+00
1.8807297817933910e+00
1.9190381297417110e+00
1.9264805477406819e+00
1.1878136195809423e+00
1.9925989392766936e+00
2.0081099602560131e+00
2.0248191437494700e+00
2.0418661516377661e+00
2.0469124684610716e+00
1.2030619791508381e+00
2.0701375054154534e+00
2.0839301090931341e+00
2.0927658409292582e+00
2.0959307092423227e+00
2.0981397170724252e+00
2.0992795324693136e+00
2.0982439077901982e+00
2.0968176400560541e+00
2.0900155085421952e+00
2.0891980076788763e+00
2.0756733927925337e+00
2.0681940739316360e+00
2.0561161391037888e+00
1.7698813538348765e+00
2.0164629198663149e+00
1.9927590223183578e+00
1.9850600395532041e+00
1.9547826516512132e+00
1.4515892455881574e+00
1.9139081046395583e+00
1.8927589831143490e+00
1.8561625440036802e+00
1.8136142767696630e+00
1.7739314743860277e+00
1.8190438449904045e+00
1.7031265762115009e+00
1.6517113744185425e+00
1.6182929667678909e+00
1.5828286151761508e+00
1.5569796910984768e+00
1.4872001107906621e+00
1.4410762734162026e+00
1.3707782435368818e+00
1.3179392797652860e+00
1.8354576320117730e+00
1.2126177599767656e+00
1.5175956910810338e+00
1.1000000000000001e+00
1.6787356224367103e+00
1.1512278469788428e+00
1.2431692375209618e+00
1.6617001259467916e+00
1.3111484434060072e+00
1.3988888700886797e+00
1.1475779901387910e+00
1.5053791543320725e+00
1.5481769831622940e+00
1.1446749736420792e+00
1.1392084114962515e+00
1.6517850291194394e+00
1.7211933506626078e+00
1.7558688673472143e+00
1.7835573677234720e+00
1.8180191376364345e+00
1.8348296279533789e+00
1.8803311778915075e+00
1.9184425097247084e+00
1.9252781550554916e+00
1.1900476131399427e+00
1.9921450772314824e+00
1.1978522125030380e+00
2.0246753536045610e+00
2.0416450854048489e+00
2.0469545726332838e+00
1.2036735222779598e+00
1.2027874741901172e+00
2.0843389430148056e+00
2.0925187503970917e+00
1.1934677311218778e+00
2.0978342055745025e+00
2.0988004092800292e+00
1.3223720489460635e+00
2.0966921524901925e+00
1.1000000000000001e+00
2.0879566692351168e+00
1.2450138975745444e+00
2.0683546362806533e+00
1.2928263058601095e+00
2.0382760742477823e+00
1.2634822522296481e+00
1.9924797173029436e+00
1.9845291260279818e+00
1.1000000000000001e+00
1.9333268372387782e+00
1.9142837145342129e+00
1.8915959304829240e+00
1.8559045254564350e+00
1.8132293669126551e+00
1.7739422280615813e+00
1.7579940241155345e+00
1.7028475921958917e+00
1.3533044068922988e+00
1.6179784634929695e+00
1.5825261981025354e+00
1.5569005355609833e+00
1.4873916359136463e+00
1.4413099908867351e+00
1.5321516443614944e+00
1.3181331132642748e+00
1.4691578242064840e+00
1.2124254578879468e+00
1.1565790206048348e+00
1.1000000000000001e+00
1.1000000000000001e+00
1.1505152058082124e+00
1.6736978480072102e+00
1.1000000000000001e+00
1.6783665413381235e+00
1.3974773875553366e+00
1.1514654669730602e+00
1.5043592796106424e+00
1.5465066369615974e+00
1.5586905095615824e+00
1.6189049220557432e+00
1.6495124368247005e+00
1.7184740195292876e+00
1.7527567186940962e+00
1.1000000000000001e+00
1.8155119975312732e+00
1.8322244159336674e+00
1.1874657250929621e+00
1.9144457058439612e+00
1.9208080892182049e+00
1.9439188329714603e+00
1.9871720029785189e+00
1.1000000000000001e+00
2.0201950504096713e+00
2.0367269681899147e+00
2.0419654374375527e+00
1.2010520458412883e+00
1.1994385327403205e+00
2.0802220822529307e+00
2.0872832205831986e+00
1.1903799205212162e+00
2.0923440884667253e+00
2.0938646894192221e+00
2.0933795527963945e+00
2.0917859003999166e+00
1.2044451307560387e+00
2.0831327375769444e+00
2.0703132033909024e+00
2.0625760159856692e+00
2.0505221396772653e+00
2.0342216779904456e+00
2.0133037275805976e+00
1.9873341901267296e+00
1.9798385794529358e+00
1.9494178604321579e+00
1.9285797401577700e+00
1.7144786940789811e+00
1.8876623444437519e+00
1.4198126478735631e+00
1.8101572230854055e+00
1.7716144690975693e+00
1.7554188677476323e+00
1.1784015077099312e+00
1.6494278945214735e+00
1.3698192018866100e+00
1.5803359801007844e+00
1.5545690366408105e+00
1.4850051133422486e+00
1.4395569501070706e+00
1.3694571698957623e+00
1.3164659003176860e+00
1.1000000000000001e+00
1.2118442282375264e+00
1.1563031034772169e+00
1.4877097201665623e+00
1.1000000000000001e+00
1.1511566283821257e+00
1.2416019334853068e+00
1.4796161210657548e+00
1.3087087280508607e+00
1.3971423784278494e+00
1.4460367690064433e+00
1.5030040209410849e+00
1.1488155844104910e+00
1.5579426664288909e+00
1.6180373318638517e+00
1.6482273945578705e+00
1.7169734055211927e+00
1.7516430993644203e+00
1.7790073798750752e+00
1.8137895126682912e+00
1.8308048763506011e+00
1.8756452162458630e+00
1.9122130609752599e+00
1.1722919392103854e+00
1.9427159542047461e+00
1.9857702879487287e+00
2.0016255167300550e+00
2.0183159141851004e+00
2.0351273651198638e+00
2.0405935168624483e+00
1.1968223298252694e+00
2.0634103406706710e+00
1.1942186675984714e+00
2.0859985686178355e+00
2.0888410288878148e+00
2.0902926052892443e+00
2.0926731907883012e+00
2.0917573505915121e+00
2.0904546770149239e+00
2.0836068346443284e+00
2.0829749920025926e+00
2.0691976499130331e+00
2.0609378102614118e+00
2.0491478949285638e+00
2.0325248070326278e+00
2.0109966519622935e+00
1.9861411152143120e+00
1.9783734705693652e+00
1.9480999690911449e+00
1.9270634196330887e+00
1.9080755026082206e+00
1.8865511483025226e+00
1.8500170839898902e+00
1.8085195036632549e+00
1.7698518821201588e+00
1.7538625845635165e+00
1.6994664763613887e+00
1.6481629486483835e+00
1.2410306355081948e+00
1.5797403602088558e+00
1.5542869801921659e+00
1.4845642728231638e+00
1.4391160463268082e+00
1.3691310821044751e+00
1.3162596457944504e+00
1.2584706945765185e+00
1.2118040947394155e+00
1.6062365288655149e+00
1.1000000000000001e+00
1.6032043097316491e+00
1.1000000000000001e+00
1.2399397726352921e+00
1.2771880220536800e+00
1.1530870047769597e+00
1.2120099163824125e+00
1.1538057206704992e+00
1.2416546436229225e+00
1.5415500493828658e+00
1.5538991113731710e+00
1.8175360885530358e+00
1.8161684048291740e+00
1.5019587488566297e+00
1.1390170995102125e+00
1.2942586348463321e+00
1.2163619567985684e+00
1.1917363234413223e+00
1.1661335122354786e+00
1.9061085733702643e+00
1.9132242697554331e+00
1.1696373561265807e+00
1.1552208258050887e+00
1.6394404605636339e+00
2.0101115025063514e+00
2.0268201034966853e+00
2.0317417305351864e+00
2.0444839911840837e+00
2.0563932932786759e+00
2.0709021296100922e+00
1.1882017105178717e+00
2.0814509771111340e+00
2.0833912161528643e+00
1.2055747175523988e+00
2.0834895413521575e+00
2.0815237210290851e+00
2.0735320212445014e+00
1.5624309736384339e+00
1.4473510814377162e+00
1.7548461984917934e+00
1.6006055815966111e+00
1.5584919715147025e+00
1.5190390451376006e+00
1.4938738320972411e+00
1.2212209103647311e+00
1.9417210938124625e+00
1.9205287695459574e+00
1.9011583714349385e+00
1.8804376871497830e+00
1.1000000000000001e+00
1.7809226952894006e+00
1.1729603560796436e+00
1.3962393185485864e+00
1.3509927000831310e+00
1.6433463195103757e+00
1.3210766793277449e+00
1.5757917933163501e+00
1.7475480952897802e+00
1.7041397815813812e+00
1.3132119201385772e+00
1.5515253175056196e+00
1.5793092176365726e+00
1.5744291417335814e+00
1.2107353869899462e+00
1.6201023337621587e+00
1.1000000000000001e+00
1.6148433504497870e+00
1.1502547353889856e+00
1.2388517457403736e+00
1.2752379225928578e+00
1.3043170378198257e+00
1.3927320800638292e+00
1.4403185320440719e+00
1.4947015836480761e+00
1.5362842474320786e+00
1.5490397422126843e+00
1.6085329552480991e+00
1.6376827568865662e+00
1.7057486210639985e+00
1.7401669596299352e+00
1.7666308946982543e+00
1.8000108986362964e+00
1.8168637867981869e+00
1.8618399954964790e+00
1.8974187967310598e+00
1.9038645631253117e+00
1.9261640611973923e+00
1.9691897327163754e+00
1.9846485334345170e+00
2.0007566765266622e+00
2.0172653220871126e+00
2.0218213954615067e+00
1.1692147002728341e+00
1.1709498096481474e+00
2.0596216618292607e+00
1.1863291034368550e+00
2.0703349389491001e+00
2.0723666850724136e+00
2.0735407517682538e+00
2.0726252781207162e+00
2.0715262610286094e+00
2.0623971038120477e+00
2.0608309175302937e+00
2.0491606727024458e+00
2.0422826950813269e+00
2.0319930645607371e+00
2.0158508909237418e+00
1.9942169568044863e+00
1.9689063826557309e+00
1.9615722418260533e+00
1.9325592454295188e+00
1.9113431507418170e+00
1.8925380565060921e+00
1.8725285265078111e+00
1.8371444109510677e+00
1.7957429080106417e+00
1.7564710337930238e+00
1.7419570556875936e+00
1.6887518589981030e+00
1.6378993387884520e+00
1.2754714939764955e+00
1.5705032362572884e+00
1.5454245586859878e+00
1.4774138177250153e+00
1.4328882820372506e+00
1.3643665675175880e+00
1.3123408880379535e+00
1.2556156338086986e+00
1.2097247545101866e+00
1.7959439189266644e+00
1.1000000000000001e+00
1.1000000000000001e+00
1.1493847186403214e+00
1.2369901533744310e+00
1.1120117370121652e+00
1.3021202873952618e+00
1.3890150691607159e+00
1.4360814356867613e+00
1.4897914187223853e+00
1.5308984897977262e+00
1.7446971814744670e+00
1.6015885249506092e+00
1.6306051712593737e+00
1.3261053225396289e+00
1.7317964736609108e+00
1.7581439786020241e+00
1.7907783839659293e+00
1.7097942068902252e+00
1.1769151263425830e+00
1.1775704915369527e+00
1.8934192122806515e+00
1.9153985598518450e+00
1.9581125983015486e+00
1.1486329148497749e+00
1.9897699405902136e+00
2.0054181665982291e+00
2.0105100673266061e+00
2.0229136524271496e+00
2.0350529176320293e+00
2.0479441002920140e+00
2.0547187767042132e+00
2.0579592143739815e+00
2.0600340484586539e+00
1.1359015377663024e+00
1.1412151108352833e+00
1.1512379820544758e+00
1.3058231756459033e+00
1.1000000000000001e+00
2.0387902315368844e+00
1.2650419043163221e+00
2.0210396298896258e+00
1.6123782736513033e+00
1.9833371242186313e+00
1.9591938512287288e+00
1.9518113191700310e+00
1.9223326286866305e+00
1.9019565021752702e+00
1.1851844060949457e+00
1.8634931378890038e+00
1.8276866226554143e+00
1.7868161374108142e+00
1.7485996797494814e+00
1.7337932747120002e+00
1.6813383756344229e+00
1.6312049464824221e+00
1.5988134210844569e+00
1.5649172109081870e+00
1.5400755374665949e+00
1.4725594689767205e+00
1.4286056182756857e+00
1.3610791140351708e+00
1.3097202220231845e+00
1.2536853149337954e+00
1.2083475756804054e+00
1.7720892461428528e+00
1.1000000000000001e+00
1.1170094421946715e+00
1.1230664041044223e+00
1.2355290709112483e+00
1.2714245882922248e+00
1.2997244647610382e+00
1.1305564366766259e+00
1.1232676604259744e+00
1.1259962738384031e+00
1.6138899186968731e+00
1.5382769207623694e+00
1.5967029550011118e+00
1.6255994705316019e+00
1.6922400637937907e+00
1.7257777209007639e+00
1.1000000000000001e+00
1.7295394906002346e+00
1.1064413846627210e+00
1.8441186878589946e+00
1.8795121506876891e+00
1.1826703239857603e+00
1.9078457894887766e+00
1.9500407776592263e+00
1.1056425618790240e+00
1.9814222910879804e+00
1.1000000000000001e+00
2.0022288877556931e+00
2.0141902348533787e+00
2.0257739847358125e+00
1.1838586008874894e+00
2.0456162774049504e+00
1.1802544141814844e+00
2.0510038820480396e+00
2.0525633466761990e+00
2.0508271791583201e+00
1.1484617726936541e+00
2.0432890826131977e+00
1.7092074865195630e+00
2.0310659570846452e+00
2.0224424423707901e+00
2.0117390290933672e+00
1.9956901855111839e+00
1.9741264586733756e+00
1.9502039076114897e+00
1.9429512820482604e+00
1.1000000000000001e+00
1.8942191009911191e+00
1.8756461492487977e+00
1.8558347148874370e+00
1.8206820036545930e+00
1.7800301462265642e+00
1.1000000000000001e+00
1.6005860741634521e+00
1.4576810920456129e+00
1.5365343466267882e+00
1.5267654662032111e+00
1.8507262855962481e+00
1.4130267205004570e+00
1.4687842749767006e+00
1.4252101014769458e+00
1.2253367979865548e+00
1.3144189337948455e+00
1.5899236614595469e+00
1.2072026558451965e+00
1.1000000000000001e+00
1.1000000000000001e+00
1.1000000000000001e+00
1.1485551681256370e+00
1.2340619651939180e+00
1.2694089690183263e+00
1.2978395623156567e+00
1.3830729019233283e+00
1.4290196578392276e+00
1.4817301935651788e+00
1.5224850979627520e+00
1.5342497770631878e+00
1.5918034302498536e+00
1.6198671998987477e+00
1.6851651297918258e+00
1.7185191043388715e+00
1.7441068201396530e+00
1.7765158966237686e+00
1.7930037048036325e+00
1.8369951200466017e+00
1.8716290069116370e+00
1.8776498190212549e+00
1.8986827889735054e+00
1.9398755929413769e+00
1.9547202518128983e+00
1.9699931644604609e+00
1.9856133265027325e+00
1.9911493531248026e+00
2.0032914063231244e+00
2.0151555420973759e+00
2.0276917424571304e+00
2.0348389467751673e+00
1.1754574114979108e+00
2.0397202807411072e+00
1.1288221610124081e+00
2.0400210446416773e+00
2.0391218279503822e+00
2.0324831550341131e+00
2.0321590048475211e+00
2.0191254123966855e+00
2.0115748984148447e+00
2.0011434905219527e+00
1.9859823809603221e+00
1.7779327676681436e+00
1.9402234210258591e+00
1.9327411767866356e+00
1.1000000000000001e+00
1.8848444270526703e+00
1.7115173868087796e+00
1.8472150683190796e+00
1.1312779062138145e+00
1.7725952150246764e+00
1.7349762514867935e+00
1.7204890516951159e+00
1.6689149215724837e+00
1.6194532313439647e+00
1.5882425022545019e+00
1.5550694379389109e+00
1.5308685193086280e+00
1.1000000000000001e+00
1.4220156783201980e+00
1.3557151371627172e+00
1.3051949717565356e+00
1.2503156903504755e+00
1.2060923495826745e+00
1.1000000000000001e+00
1.1000000000000001e+00
1.9194856874538295e+00
1.1472526987343719e+00
1.2307339312636498e+00
1.7211670166303956e+00
1.2931187167311049e+00
1.3761037391967499e+00
1.4208279291488455e+00
1.8940513138443311e+00
1.5121638170622529e+00
1.5232375621208367e+00
1.5791332031470835e+00
1.6067769831556939e+00
1.7272675717646471e+00
1.7026215137708356e+00
1.1000000000000001e+00
1.7598302252866433e+00
1.7756479575173365e+00
1.1368300632660862e+00
1.8515591464690173e+00
1.8578612101470720e+00
1.1200803527093497e+00
1.1148749830837010e+00
1.9333478640870996e+00
1.1000000000000001e+00
1.9644280573452824e+00
1.9689176174517449e+00
1.9810585827119200e+00
1.9927183804032116e+00
2.0046185882393144e+00
2.0115321721966839e+00
1.1583590152587493e+00
2.0162968887076822e+00
2.0179383975064336e+00
2.0165591387633581e+00
2.0152278533027954e+00
2.0077365850699835e+00
1.6744722567459323e+00
1.9955376061795991e+00
1.7495869781549818e+00
1.9786168307894794e+00
1.9639196880244718e+00
1.8573304464487119e+00
1.9194192541056534e+00
1.9124534628836023e+00
1.1000000000000001e+00
1.8655163846498992e+00
1.8479382414102867e+00
1.8287498922996783e+00
1.1877015755413074e+00
1.7557218366793301e+00
1.8006365709952232e+00
1.7048156131728427e+00
1.6543108088218457e+00
1.6071571610323032e+00
1.6539375244414505e+00
1.5439094679769336e+00
1.5203292011550591e+00
1.1881189073860403e+00
1.4138781584107651e+00
1.3493290450843038e+00
1.4205399919179744e+00
1.2468642343395548e+00
1.2034639524239350e+00
1.3753306044162179e+00
1.1000000000000001e+00
1.1000000000000001e+00
1.1469220825063393e+00
1.1000000000000001e+00
1.1000000000000001e+00
1.2895384773898353e+00
1.3711756607552350e+00
1.4153294397128797e+00
1.4655085962847851e+00
1.5044759992067682e+00
1.5158511728133059e+00
1.5710455433785107e+00
1.5983938619876077e+00
1.6599795397072403e+00
1.6919747181566585e+00
1.1000000000000001e+00
1.7477151462926821e+00
1.7638243859789191e+00
1.8057008432774524e+00
1.8392389301851004e+00
1.8451093040648860e+00
1.8652050776903906e+00
1.9044217888056374e+00
1.9188124887617826e+00
1.1231778576420721e+00
1.9492914473881768e+00
1.9535953232554129e+00
1.7473068744958651e+00
1.1554832505831976e+00
1.1449462905096954e+00
1.9949193124414397e+00
1.1000000000000001e+00
2.0002569802511436e+00
2.0017885373059365e+00
1.1549199113926953e+00
1.9986241272999592e+00
1.6424436081828842e+00
1.9898177912584907e+00
1.9790672166724472e+00
1.7329288608186704e+00
1.9630445875170128e+00
1.9483325395456408e+00
1.9275653416434955e+00
1.9050157182276872e+00
1.8983251959547391e+00
1.8707514134158694e+00
1.8514167447944787e+00
1.1000000000000001e+00
1.8153947729826476e+00
1.7198869369284131e+00
1.7444858899247457e+00
1.7081724461815295e+00
1.6943300275859339e+00
1.6441682753794802e+00
1.5984097596001026e+00
1.6730352303056268e+00
1.5359246147337744e+00
1.5123595509447045e+00
1.4494771561882067e+00
1.4082762618313691e+00
1.3446671041362941e+00
1.2962115292419603e+00
1.2439811270311296e+00
1.2012331146666280e+00
1.1000000000000001e+00
1.1000000000000001e+00
1.9193145638577567e+00
1.1449186823852600e+00
1.1000000000000001e+00
1.1084067895882328e+00
1.2833588110223004e+00
1.1321878701056314e+00
1.4049773013060256e+00
1.4531717872237699e+00
1.4911583020162069e+00
1.5023110973801741e+00
1.7426045327781514e+00
1.5822119104828305e+00
1.6402656660699040e+00
1.1000000000000001e+00
1.6970738227293218e+00
1.7267733869151773e+00
1.1000000000000001e+00
1.1219874472076850e+00
1.1315299422727567e+00
1.8412936367147015e+00
1.8398602779179034e+00
1.1427900048975852e+00
1.8917137901965777e+00
1.6988048143567065e+00
1.9215569573477986e+00
1.9260724167456573e+00
1.9368133835405901e+00
1.9475993529030549e+00
1.9592567210822962e+00
1.9651217554551923e+00
1.1782786822158267e+00
1.9701349847068146e+00
1.1637467111457280e+00
1.9702574555466745e+00
1.9689178975344033e+00
1.9622770797905764e+00
1.9620297498006187e+00
1.9511456019851885e+00
1.7026533429689881e+00
1.9342442067458883e+00
1.8270070194023218e+00
1.2026800382321681e+00
1.1000000000000001e+00
1.8711069217176477e+00
1.8450111930912703e+00
1.8266049256040580e+00
1.8097366992661132e+00
1.7920476274153683e+00
1.7086394925498389e+00
1.7229990988622106e+00
1.6881763072152929e+00
1.7316119633450211e+00
1.6258945913806704e+00
1.5818056840489947e+00
1.6940322932614582e+00
1.5209499347000059e+00
1.4986695399904137e+00
1.7439944616670933e+00
1.3981975193793785e+00
1.7124100777073679e+00
1.2904449076801727e+00
1.1000000000000001e+00
1.1978678210547156e+00
1.7056362260825135e+00
1.1000000000000001e+00
1.1000000000000001e+00
1.1437930137537882e+00
1.1104275389478746e+00
1.4492560381504604e+00
1.2792649142674317e+00
1.3563164931484135e+00
1.3976664076848757e+00
1.4446337890485677e+00
1.4822962206604526e+00
1.4928138928980752e+00
1.5440683004522637e+00
1.5700433049642992e+00
1.6285240570096600e+00
1.7132897951853181e+00
1.6842746227735772e+00
1.7122179070073100e+00
1.7265825012576357e+00
1.7657424899511622e+00
1.7980400259594738e+00
1.8027182466463343e+00
1.8217007362599036e+00
1.8586357419696369e+00
1.8725282344030074e+00
1.8884875885630237e+00
1.1327163257788322e+00
1.9060447378596814e+00
1.3743345528417019e+00
1.9278419941250204e+00
1.9387171192059673e+00
1.9445233131465103e+00
1.1987173132000291e+00
1.9502821698092840e+00
1.9512653801492390e+00
1.9502324107218707e+00
1.9485346436236246e+00
1.9433046746646903e+00
1.9428684250859478e+00
1.9309591431151991e+00
1.9243038243819870e+00
1.9147071647091136e+00
1.9011144176239527e+00
1.8810997223163826e+00
1.8594511132000440e+00
1.8535675614065155e+00
1.8274696778285420e+00
1.3515547017926646e+00
1.7926364868588140e+00
1.7754282057963837e+00
1.7435854678467919e+00
1.7084205926781293e+00
1.7264853912183342e+00
1.6621697378333911e+00
1.6136645847132562e+00
1.5703803634845908e+00
1.6782884910015778e+00
1.5107440030330628e+00
1.4893603998126808e+00
1.4301824934877974e+00
1.3907439779565727e+00
1.3311759967890715e+00
1.2860542757232805e+00
1.6941350400396593e+00
1.1947324557890038e+00
1.1000000000000001e+00
1.1000000000000001e+00
1.1000000000000001e+00
1.1437627892039461e+00
1.2193844899306003e+00
1.2509233830242197e+00
1.1000000000000001e+00
1.1000000000000001e+00
1.3954620618779268e+00
1.1000000000000001e+00
1.4790668814808510e+00
1.4902527376795307e+00
1.5409604340595093e+00
1.5663011183019138e+00
1.6242500431701818e+00
1.6612926325002275e+00
1.6788284498465174e+00
1.2599113811666895e+00
1.7218799139821042e+00
1.7606274703182518e+00
1.7929237106605100e+00
1.7994656559184488e+00
1.8170791845760124e+00
1.8529654593881968e+00
1.8667664423127275e+00
1.8815268100323013e+00
1.8952926199987346e+00
1.9001902373409025e+00
1.9106571673803630e+00
1.4175613104751605e+00
1.9322031625733658e+00
1.9386138648726468e+00
1.2367934699338279e+00
1.9439062246653867e+00
1.9447094667911395e+00
1.4409587270667390e+00
1.9424276667104186e+00
1.9366950001412997e+00
1.8543493170582643e+00
1.9251668089702008e+00
1.9184386164339098e+00
1.9088493510811759e+00
1.8953416920555382e+00
1.3159536298246810e+00
1.8544671378957274e+00
1.2510829770606093e+00
1.8222045509402602e+00
1.8043823754638635e+00
1.7876059119073069e+00
1.7705631085930893e+00
1.7389533954522989e+00
1.7041591100461275e+00
1.6698969713594920e+00
1.6568124083068800e+00
1.6100223528622828e+00
1.5663967527214644e+00
1.5378527596339362e+00
1.5080444588946513e+00
1.4861997060000443e+00
1.4275514576171353e+00
1.3886796768524932e+00
1.3291289174057639e+00
1.2842332681065503e+00
1.2343996359964282e+00
1.1940544511918869e+00
1.8137302905428028e+00
1.1000000000000001e+00
1.1000000000000001e+00
1.1000000000000001e+00
1.2164938587856926e+00
1.2470497472524822e+00
1.2718519288569137e+00
1.3463787657228652e+00
1.3865008850516674e+00
1.4324619151183795e+00
1.4675517432601428e+00
1.4784718945710640e+00
1.2310256930807286e+00
1.5526039458522167e+00
1.6095382270050651e+00
1.3276020822950962e+00
1.6615729630976639e+00
1.6900498731212323e+00
1.7041706520492128e+00
1.8142017639133681e+00
1.7715256237423311e+00
1.7238021345981904e+00
1.8590585598976386e+00
1.8310274269065403e+00
1.8448439551830906e+00
1.8392715311572601e+00
1.8721142411582545e+00
1.4511435961005701e+00
1.8867121822599322e+00
1.8977972507597753e+00
