1.1000000000000001e+00
1.1000000000000001e+00
1.1000000000000001e+00
1.1000000000000001e+00
1.1000000000000001e+00
1.1000000000000001e+00
1.1000000000000001e+00
1.3268808678887134e+00
1.1000000000000001e+00
1.1000000000000001e+00
1.1000000000000001e+00
1.1000000000000001e+00
1.1000000000000001e+00
1.4463415705191456e+00
1.1000000000000001e+00
1.1000000000000001e+00
1.1000000000000001e+00
1.1000000000000001e+00
1.7091347702998085e+00
1.1000000000000001e+00
1.1827493646409986e+00
1.1000000000000001e+00
1.2183898664010364e+00
1.2308147942391543e+00
1.5257586967140000e+00
1.3997780899637795e+00
1.2434360852603037e+00
1.2302954073333905e+00
1.6013581031902000e+00
1.2027325743598785e+00
1.1973265884086914e+00
1.6517757580178443e+00
1.7086671302555434e+00
1.7074239782612357e+00
1.1000000000000001e+00
1.1645502453346750e+00
1.2732013924940553e+00
1.3024648645046719e+00
1.3586876468347915e+00
1.3896673390013687e+00
1.4200677093502971e+00
1.4504274965229804e+00
1.4516667763756792e+00
1.4509485262309743e+00
1.4187969128921347e+00
1.3980082665903537e+00
1.3513582652655627e+00
1.3381313091690452e+00
1.2424016082417846e+00
1.2078907008366937e+00
1.1000000000000001e+00
1.3076871741696070e+00
1.2104454580355968e+00
1.3963475510779086e+00
1.2241961324453514e+00
1.1000000000000001e+00
1.8335918889947376e+00
1.6476357925259284e+00
1.8395119580556547e+00
1.7017017904632143e+00
1.7004728645961666e+00
1.6454614600169801e+00
1.3994530595880290e+00
1.5300739461849160e+00
1.5074426267077785e+00
1.5350525106806265e+00
1.5121592095497773e+00
1.3256154663205748e+00
1.1000000000000001e+00
1.2431304083012742e+00
1.4840478978428695e+00
1.5489352220579256e+00
1.6736007403533439e+00
1.7422935232523129e+00
1.8097017476206672e+00
1.8735255677160576e+00
1.8797679006125398e+00
1.8781752895242154e+00
1.3526345288082937e+00
1.7607882689381436e+00
1.5477382516888261e+00
1.6280201699306840e+00
1.4157540335397605e+00
1.3392313148091359e+00
1.1000000000000001e+00
1.1000000000000001e+00
1.2529441869514857e+00
1.5103802552031285e+00
1.5797165979363927e+00
1.7129298442540071e+00
1.7863325680679667e+00
1.3791483334546051e+00
1.9265625763569179e+00
1.9332329166491315e+00
1.9315311077119213e+00
1.8553516550112845e+00
1.8060954114453140e+00
1.6955637397698045e+00
1.6642240285799201e+00
1.4374038019561834e+00
1.3556342804514483e+00
1.1000000000000001e+00
1.3192231168565935e+00
1.2510582875257099e+00
1.5558420339084984e+00
1.6328594320278682e+00
1.1000000000000001e+00
1.8623642458404510e+00
1.9423738026452715e+00
1.7266747146667489e+00
1.3710682168456110e+00
1.7703906797925910e+00
1.9390292426863072e+00
1.8843164099777971e+00
1.7615400790285138e+00
1.7037945228460605e+00
1.4747812751274743e+00
1.3839533551146233e+00
1.1000000000000001e+00
1.1000000000000001e+00
1.2811602263307611e+00
1.5860896082167317e+00
1.6682175255496721e+00
1.8260067317573552e+00
1.9129512199689231e+00
1.9982698418331286e+00
2.0790516814925057e+00
2.0869526052289791e+00
2.0849368366118006e+00
1.6285755021720738e+00
1.9363600284404427e+00
1.8054368266073169e+00
1.7683153819452777e+00
1.4996500314629821e+00
1.4027951897196034e+00
1.1000000000000001e+00
1.1000000000000001e+00
1.4060811614660789e+00
1.5900076914958130e+00
1.1000000000000001e+00
1.1864225007268523e+00
1.9195039430220950e+00
1.4878184457022283e+00
2.0869432429613575e+00
2.0949078514108095e+00
2.0928758348648948e+00
2.0019150313565079e+00
1.2765805417369860e+00
1.8111229391842103e+00
1.7737022803255145e+00
1.5028713760037633e+00
1.4052358441787247e+00
1.1000000000000001e+00
1.1000000000000001e+00
1.1000000000000001e+00
1.5872650923415006e+00
1.6695916151607408e+00
1.8277623944442967e+00
1.9149171357941774e+00
1.5285197012118730e+00
2.0814192690514024e+00
2.0893392991630506e+00
2.0873186559219987e+00
1.9968669648767574e+00
1.5708258207132029e+00
1.8071427462087386e+00
1.7699315327712490e+00
1.4365286955918712e+00
1.2906530800614893e+00
1.2444484699188434e+00
1.1000000000000001e+00
1.1000000000000001e+00
1.5626097799415126e+00
1.6407706316079944e+00
1.7909380672556543e+00
1.8736828325803789e+00
1.7730630083723655e+00
2.0317600608418562e+00
2.0392793423267523e+00
2.0373609423843488e+00
1.9514860509803684e+00
1.5698641981301904e+00
1.7713617604718355e+00
1.7360334114268581e+00
1.4803455370851619e+00
1.3881691229677120e+00
1.1000000000000001e+00
1.1000000000000001e+00
1.1000000000000001e+00
1.5410659849346984e+00
1.4642212159513601e+00
1.7587609955014814e+00
1.8376523268104614e+00
1.9150683862153528e+00
1.1000000000000001e+00
1.9955369864954919e+00
1.1000000000000001e+00
1.3318890871924942e+00
1.8588929149450570e+00
1.7400963597601433e+00
1.4989856196902482e+00
1.4626327981029568e+00
1.3747490510589540e+00
1.4188199073922501e+00
