1.1000000000000001e+00
1.1942480871785215e+00
1.1000000000000001e+00
1.1000000000000001e+00
1.1000000000000001e+00
1.1000000000000001e+00
1.1105569373634230e+00
1.1000000000000001e+00
1.1000000000000001e+00
1.2824615211581409e+00
1.2808924614184158e+00
1.1000000000000001e+00
1.2956838976133946e+00
1.2923317363657423e+00
1.1000000000000001e+00
1.4314626664401571e+00
1.1000000000000001e+00
1.3878083101207963e+00
1.1000000000000001e+00
1.5471113470985900e+00
1.4166390150423309e+00
1.1000000000000001e+00
1.1000000000000001e+00
1.4360549509329934e+00
1.1000000000000001e+00
1.1000000000000001e+00
1.1000000000000001e+00
1.3661875990296801e+00
1.1000000000000001e+00
1.3849564075628198e+00
1.1000000000000001e+00
1.1000000000000001e+00
1.2407038948123126e+00
1.1000000000000001e+00
1.1564923807855916e+00
1.5794890083848188e+00
1.1000000000000001e+00
1.1000000000000001e+00
1.1000000000000001e+00
1.1000000000000001e+00
1.1000000000000001e+00
1.2078386160582806e+00
1.1000000000000001e+00
1.1000000000000001e+00
1.5540141023548957e+00
1.1000000000000001e+00
1.5579522169876814e+00
1.1000000000000001e+00
1.1000000000000001e+00
1.4624427983024457e+00
1.1000000000000001e+00
1.1000000000000001e+00
1.4208219525379360e+00
1.1000000000000001e+00
1.1000000000000001e+00
1.7460083651305354e+00
1.1000000000000001e+00
1.5968849749570726e+00
1.5843069031179315e+00
1.1000000000000001e+00
1.6141460182547325e+00
1.1000000000000001e+00
1.6335807536497540e+00
1.6186057166371737e+00
1.1000000000000001e+00
1.1000000000000001e+00
1.5960687544640930e+00
1.1129954980208048e+00
1.1829139635464356e+00
1.1614827378983106e+00
1.1273994768998306e+00
1.1291610968191916e+00
1.1369501962098920e+00
1.1408598754298478e+00
1.1420011921357858e+00
1.2748194928493650e+00
1.1503022187743910e+00
1.1566555799398552e+00
1.2979240982982299e+00
1.1623620217940589e+00
1.1654806207463519e+00
1.1670387278894705e+00
1.1712529993772103e+00
1.1746201549363797e+00
1.1752385524959390e+00
1.4090634306947680e+00
1.1812891156625986e+00
1.1827502560002685e+00
1.1842758669558695e+00
1.1857841666546112e+00
1.4969436085537631e+00
1.1874318122703822e+00
1.3799248666142800e+00
1.1897877332273914e+00
1.1904751644091387e+00
1.2272406356142025e+00
1.1909674241134736e+00
1.7513496544511340e+00
1.1909796861980051e+00
1.1908401243504263e+00
1.1901395217557709e+00
1.1900130883516618e+00
1.1889149979695341e+00
1.4190821365900848e+00
1.1872055574557343e+00
1.1857116834382586e+00
1.1836610325184047e+00
1.2543128433232820e+00
1.2793732116427108e+00
1.1779074390585631e+00
1.1759353018141903e+00
1.1741568036569803e+00
1.6007659891071717e+00
1.1689825358987875e+00
1.1650949373356465e+00
1.1614305131755069e+00
1.1600299604262403e+00
1.4613429829009270e+00
1.1502985900312510e+00
1.4977380339009807e+00
1.1440261079757899e+00
1.1416659370730380e+00
1.5737410948920556e+00
1.5611256613266462e+00
1.1247297985917437e+00
1.1198615296174965e+00
1.1145539174806673e+00
1.6625546043143913e+00
1.6561873391825661e+00
1.1000000000000001e+00
1.2128750794738168e+00
1.1066676600151437e+00
1.1184178680393355e+00
1.1916870428145472e+00
1.1714675196172935e+00
1.1368121958720008e+00
1.1451381974269106e+00
1.1523676612263603e+00
1.1000000000000001e+00
1.1595261846074112e+00
1.1673968380056454e+00
1.1712908136332536e+00
1.1802951139966891e+00
1.1848575094946463e+00
1.2995197767963058e+00
1.1928024020402557e+00
1.1950106292053218e+00
1.2009833049749510e+00
1.2057554057945901e+00
1.4003895115508866e+00
1.1000000000000001e+00
1.2152069895983328e+00
1.2172777905697976e+00
1.3457140883772691e+00
1.4342364283970563e+00
1.2222536625334606e+00
1.2239127256422080e+00
1.3569598247814825e+00
1.3590893208765404e+00
1.2282259161024052e+00
1.2286391541015491e+00
1.2289235711103936e+00
1.2290992295068019e+00
1.1943520525960767e+00
1.2096748030478859e+00
1.2277502265914526e+00
1.4512206066419200e+00
1.2260147703996369e+00
1.1000000000000001e+00
1.2235920660327972e+00
1.1000000000000001e+00
1.2185685884828521e+00
1.2152409403454052e+00
1.2142499373179376e+00
1.2104143088295678e+00
1.7530438567976960e+00
1.2050987212484361e+00
1.2024681239020312e+00
1.1977654908775786e+00
1.1922557922718604e+00
1.6076624619070714e+00
1.1850774543435734e+00
1.1000000000000001e+00
1.4818746132374074e+00
1.1669707778569900e+00
1.1623959963431558e+00
1.1590510444092190e+00
1.5759190427115009e+00
1.1441269067870357e+00
1.1350483041413959e+00
1.1281487505110439e+00
1.1206265378352702e+00
1.1145409438036225e+00
1.6466595769722780e+00
1.1000000000000001e+00
1.1000000000000001e+00
1.1077768267932471e+00
1.1214816846266131e+00
1.1271179094201624e+00
1.1316511805057508e+00
1.1452916018111843e+00
1.1526469469575851e+00
1.1610790337239583e+00
1.1675417715012912e+00
1.1694283791170053e+00
1.1786083175194932e+00
1.1831500568889657e+00
1.1936522246902286e+00
1.1989735757293216e+00
1.2030850285778412e+00
1.2082401029784369e+00
1.3978063417635334e+00
1.2177819009991808e+00
1.2233478418884820e+00
1.2243700590691589e+00
1.2277774294316601e+00
1.2343716988332911e+00
1.2367869780229608e+00
1.2393088277711324e+00
1.2418020618433403e+00
1.2425905874329928e+00
1.4353135834458179e+00
1.2464187155142581e+00
1.8849893318137814e+00
1.2495563267576657e+00
1.2500383069930754e+00
1.2503700368368007e+00
1.2505749160478798e+00
1.2503903061817965e+00
1.2501596090903269e+00
1.2490015061870845e+00
1.2487925105403619e+00
1.2469773564583393e+00
1.2458018909923567e+00
1.2441516346624824e+00
1.2416822463817152e+00
1.2382925004659335e+00
1.2344112972949528e+00
1.2332554406857834e+00
1.2287817545155904e+00
1.8155450605405365e+00
1.5827250398150703e+00
1.2195137198965169e+00
1.2140288027861199e+00
1.5967610652133273e+00
1.2015452357712344e+00
1.1992301084544887e+00
1.1910218064372728e+00
1.1831440585412607e+00
1.1781113821670497e+00
1.1727755846954881e+00
1.1688741992374889e+00
1.1583589938724277e+00
1.1514674278870147e+00
1.6670899605131373e+00
1.1328313016370857e+00
1.1240577671514342e+00
1.1169598331520021e+00
1.1086220758887650e+00
1.5399629359755846e+00
1.2469344782560996e+00
1.2504307746798622e+00
1.2399365343648803e+00
1.2271316304560715e+00
1.6591851326057401e+00
1.1290495109891807e+00
1.6884773713722452e+00
1.1000000000000001e+00
1.1969726137133510e+00
1.1996812970582023e+00
1.2703941383895498e+00
1.2193820974444336e+00
1.2547925600817658e+00
1.2421006010605613e+00
1.2480035899816102e+00
1.2554049510564083e+00
1.2591028018335859e+00
1.3739525853035894e+00
1.2770957787744517e+00
1.2785634197555746e+00
1.3670956137307684e+00
1.4284728084922584e+00
1.4258458157894309e+00
1.3000116497100092e+00
1.3035912926362621e+00
1.3047234125926803e+00
1.3075016447886807e+00
1.3102196200124501e+00
1.3130929445785069e+00
1.3147244228378216e+00
1.3154164225018363e+00
1.3158927012442758e+00
1.3161868551012486e+00
1.3147480691628513e+00
1.3155905811174298e+00
1.3139278431853298e+00
1.3301213113836465e+00
1.3365491649762369e+00
1.3678260980007317e+00
1.3069646749494235e+00
1.3034192684471004e+00
1.3081021422177910e+00
1.2929800554764046e+00
1.2913205426448990e+00
1.2848974798318575e+00
1.5924127419539753e+00
1.5988626456829902e+00
1.2715909656404110e+00
1.2637160352621617e+00
1.6130232206266331e+00
1.2457928435099870e+00
1.3678789285689301e+00
1.4032983362356855e+00
1.3356642387463136e+00
1.3605997376508221e+00
1.5176281109082153e+00
1.5275655448444909e+00
1.5544436993307889e+00
1.1738939902281331e+00
1.5151682650425895e+00
1.1471373057086420e+00
1.1345407665349314e+00
1.1243499587342114e+00
1.1123790835801874e+00
1.1000000000000001e+00
1.1000000000000001e+00
1.1143360441224430e+00
1.1396000048373132e+00
1.2343552926388619e+00
1.1583467694885354e+00
1.1834919459058899e+00
1.1970510176658733e+00
1.2125949883805052e+00
1.2245085999846721e+00
1.2664032981099296e+00
1.2622382609977629e+00
1.2532813981891637e+00
1.2726414205971390e+00
1.2824509644272379e+00
1.2900301443435120e+00
1.2995331686522946e+00
1.3042810475181732e+00
1.3171228155699304e+00
1.3273832439288618e+00
1.3548376294329620e+00
1.3355488832251323e+00
1.3477049643119769e+00
1.3521573650085168e+00
1.3568062211835512e+00
1.4329964858955750e+00
1.4361002499425650e+00
1.2472220880595808e+00
1.4010776804266825e+00
1.3970465619933303e+00
1.3954038952530725e+00
1.7401269093610019e+00
1.2732192774647488e+00
1.3061830372386762e+00
1.3254871870463258e+00
1.3308526401042546e+00
1.3746740057092914e+00
1.3742887366410106e+00
1.3709426252126962e+00
1.3687757356531436e+00
1.3657336018642101e+00
1.3611814547880710e+00
1.3549326918537188e+00
1.3477779613464560e+00
1.3456472193627644e+00
1.3374002872873909e+00
1.3313907719697031e+00
1.5831332626161658e+00
1.3203153043297224e+00
1.3102042377220831e+00
1.2261360614313113e+00
1.2871916424452698e+00
1.2829238648228134e+00
1.2677924258673610e+00
1.2532703406486470e+00
1.2439929486643846e+00
1.2341567738318486e+00
1.2269648386696690e+00
1.2075807824115348e+00
1.1948766555656858e+00
1.1753568768423530e+00
1.1605222414462411e+00
1.1443488353977367e+00
1.1312642833433681e+00
1.1809690733160993e+00
1.1000000000000001e+00
1.7439230981222620e+00
1.2674430298307326e+00
1.1491506307396404e+00
1.1620464537818500e+00
1.1724186912037884e+00
1.6306602631925147e+00
1.2204575290280517e+00
1.2397503540658603e+00
1.2545372594497748e+00
1.2588538647757683e+00
1.1000000000000001e+00
1.2902494060948335e+00
1.5257986434258841e+00
1.3264540122531678e+00
1.2128669367978016e+00
1.3476560579482171e+00
1.3535490178579961e+00
1.7882039564312777e+00
1.3822229417557650e+00
1.3845618001859332e+00
1.1000000000000001e+00
1.4074458016682356e+00
1.4325294113155453e+00
1.4187420759388858e+00
1.4244466577424362e+00
1.4262508239779719e+00
1.4306782635740021e+00
1.4350096766013469e+00
1.4395886570675300e+00
1.4421886094601886e+00
1.4432913922719741e+00
1.2950975297042817e+00
1.4445191671864039e+00
1.4440967752038161e+00
1.4435689344989262e+00
1.4409191661429914e+00
1.4404409788854833e+00
1.4362878610284922e+00
1.5353499911604009e+00
1.4298225390123100e+00
1.4241725169749129e+00
1.4595497665357620e+00
1.4075364039371372e+00
1.4048917751581227e+00
1.3946558695102111e+00
1.3871969949591259e+00
1.5858198451371306e+00
1.3734503749150648e+00
1.3609007476294710e+00
1.6116082298798027e+00
1.3323380346333940e+00
1.3270409655329731e+00
1.6277719223895524e+00
1.2902356817255294e+00
1.2787207925350179e+00
1.6576303672074728e+00
1.2575858873757229e+00
1.2335268349767632e+00
1.6793682022974636e+00
1.1935312518921992e+00
1.6740934587492156e+00
1.1550447718711729e+00
1.1388045216727209e+00
1.2148557945616456e+00
1.1000000000000001e+00
1.1000000000000001e+00
1.1199647636537178e+00
1.1551480401783467e+00
1.2699654766748691e+00
1.1812552928023532e+00
1.2162731470943624e+00
1.2351558779746392e+00
1.6780864908278383e+00
1.2733940514076532e+00
1.2782373732606924e+00
1.3018042219811121e+00
1.3134638301347923e+00
1.2378462864213218e+00
1.3540861587807351e+00
1.2060351465746915e+00
1.3778752994338317e+00
1.3844873242437550e+00
1.2235608731955174e+00
1.4166600691991862e+00
1.4192843174893379e+00
1.4280317598300998e+00
1.4449606478679335e+00
1.4511611817696750e+00
1.4576353048961088e+00
1.4169067850045152e+00
1.4660602779293570e+00
1.4710279581616303e+00
1.4758878945666454e+00
1.4810256068385912e+00
1.3902099576816878e+00
1.4851801535199174e+00
1.4860317743805767e+00
1.4865577427653049e+00
1.4860838100878149e+00
1.4854915617287809e+00
1.4825184659707533e+00
1.8807414527499251e+00
1.4773220443442328e+00
1.5578173012203889e+00
1.4700678172275339e+00
1.4637283738137259e+00
1.5202579603820054e+00
1.4450623055168883e+00
1.4775596428800442e+00
1.6056812018902755e+00
1.4222410613813872e+00
1.4146937794169785e+00
1.4068170649219698e+00
1.2951612457867212e+00
1.3762386030797826e+00
1.3606881554947527e+00
1.3547447326905793e+00
1.3336722806315529e+00
1.3134484311041306e+00
1.3005284835435109e+00
1.6649345286932036e+00
1.2768146759819259e+00
1.2498199137909964e+00
1.6802583122276220e+00
1.2049440293982241e+00
1.1000000000000001e+00
1.1617613903438910e+00
1.1435394884685135e+00
1.6770405284131940e+00
1.1000000000000001e+00
1.2739309234942098e+00
1.1236134289344979e+00
1.1652266337941708e+00
1.2559059539475785e+00
1.1961051237780558e+00
1.2424126181332351e+00
1.2598563236204146e+00
1.2854593731572992e+00
1.3050827238226197e+00
1.3108111881494362e+00
1.3386850020909331e+00
1.3524754647939436e+00
1.3843640743292154e+00
1.4005217370800751e+00
1.4130056848697263e+00
1.4286584679709546e+00
1.4364788749975705e+00
1.3041528099617525e+00
1.4745313578523487e+00
1.4776352012827436e+00
1.4113347729772143e+00
1.5080040157205117e+00
1.5153377297170436e+00
1.1000000000000001e+00
1.5305654477235591e+00
1.5329597138515456e+00
1.5388352637037097e+00
1.2756780462560438e+00
1.5506600351179975e+00
1.3034203711029759e+00
1.2858147613794773e+00
1.5565811060376047e+00
1.1379027365931518e+00
1.5566426515432887e+00
1.1537655767711696e+00
1.7410260388731031e+00
1.5517911311437822e+00
1.5462796271511485e+00
1.8003831514574080e+00
1.5376996519775892e+00
1.5302016420270257e+00
1.5237407526290490e+00
1.5081242518380473e+00
1.5012942644637643e+00
1.4910308007572515e+00
1.6095527889513113e+00
1.4722057182984769e+00
1.6123251774500800e+00
1.4462351808341700e+00
1.4267226567730849e+00
1.6184529319456993e+00
1.4013006688264233e+00
1.3763771156202840e+00
1.3524572515096547e+00
1.3371761157621087e+00
1.6375020992587763e+00
1.3091284854803664e+00
1.2567421121122506e+00
1.2562748513194006e+00
1.2241231012435927e+00
1.1996884241664705e+00
1.1730486083920995e+00
1.1514965583679313e+00
1.1261799293825072e+00
1.6789001764518632e+00
1.1000000000000001e+00
1.3905744737209771e+00
1.1674488399081420e+00
1.1851456281439889e+00
1.1000000000000001e+00
1.2422079344727601e+00
1.2653024685315133e+00
1.2917777883345092e+00
1.3120696869117556e+00
1.3179933142833322e+00
1.2856864756682311e+00
1.3610770511223635e+00
1.3940520736603195e+00
1.4107602118054141e+00
1.4236694751983845e+00
1.4398555329496274e+00
1.4479423734145092e+00
1.3038396417751237e+00
1.4872912662652178e+00
1.8643619172702137e+00
1.5011994185471296e+00
1.5219043040769515e+00
1.5294878703674502e+00
1.4229935734560843e+00
1.5452343814817426e+00
1.5477102178597726e+00
1.5537859418132958e+00
1.5597298896215142e+00
1.3269386903297606e+00
1.5695814558338026e+00
1.2745674687168260e+00
1.5721363672298683e+00
1.1192690734849267e+00
1.5722000095293165e+00
1.5714756598584099e+00
1.5678394135082900e+00
1.5671832026867314e+00
1.5614839272707208e+00
1.5577931654235617e+00
1.5526116409325448e+00
1.5448581812893396e+00
1.3807936164165724e+00
1.5220286365186415e+00
1.5183994431502568e+00
1.5043528286720420e+00
1.6443925308809135e+00
1.5276648190911923e+00
1.4752527746422681e+00
1.4580310668237724e+00
1.4885070978949291e+00
1.4188347874022582e+00
1.4115656809765595e+00
1.5340439114836812e+00
1.3610582173297123e+00
1.6471218668585510e+00
1.6501642739086895e+00
1.3162532836189069e+00
1.2832373253457556e+00
1.2615989790546716e+00
1.2283518510413971e+00
1.2030847089781920e+00
1.1755373013499215e+00
1.1532509945575222e+00
1.1270718533674353e+00
1.1000000000000001e+00
1.1000000000000001e+00
1.4752892241006363e+00
1.1750576276697209e+00
1.1947507601856406e+00
1.2105901405313730e+00
1.2582501672656352e+00
1.2839499560381080e+00
1.3134119111868752e+00
1.3359929039837410e+00
1.2891098526495119e+00
1.3746597359879220e+00
1.3905287047625798e+00
1.4272235829461821e+00
1.4458165374529857e+00
1.4601820726728580e+00
1.4781940517934467e+00
1.4871931548390167e+00
1.3022675327215256e+00
1.5309809286958616e+00
1.3756643133532820e+00
1.5464580357442732e+00
1.5694986038423762e+00
1.5779376592185113e+00
1.4272243280170152e+00
1.5954605072011203e+00
1.5982156384277864e+00
1.2858281668057578e+00
1.6115912287127148e+00
1.6185837617843302e+00
1.6225541331856843e+00
1.2626427449140369e+00
1.6253972597473296e+00
1.6261131136391329e+00
1.6254680814252493e+00
1.7780508275177636e+00
1.1000000000000001e+00
1.6198853372209832e+00
1.6135431363359167e+00
1.7930646034165934e+00
1.6036699826173815e+00
1.5950418685112759e+00
1.3657407090937332e+00
1.5696369620132258e+00
1.5655983655754424e+00
1.5499671766482228e+00
1.6992619813003964e+00
1.5283047674780481e+00
1.5175843955135120e+00
1.5071947380059241e+00
1.4759664740743959e+00
1.4548019920518243e+00
1.4467128702176355e+00
1.5847938989948809e+00
1.3905077463621336e+00
1.3729234294873869e+00
1.3542799987275220e+00
1.3406484450485434e+00
1.3039080132397807e+00
1.2798286822755038e+00
1.2428310028653549e+00
1.3098923713788506e+00
1.1840585345518082e+00
1.1592581477751758e+00
1.7590198476008903e+00
1.1000000000000001e+00
1.1000000000000001e+00
1.1292198305796459e+00
1.1807130211386561e+00
1.2018899790361011e+00
1.2189228147432714e+00
1.2701738982733632e+00
1.2179706067676896e+00
1.2246530628225005e+00
1.3537743443161949e+00
1.3608628852297335e+00
1.2924943842370622e+00
1.2935647970777653e+00
1.2961915994763931e+00
1.2987614292578946e+00
1.3014781409398846e+00
1.3044034153622233e+00
1.5163671336480529e+00
1.3019838239531119e+00
1.5634542003013459e+00
1.5672949715605076e+00
1.5800974663776548e+00
1.8860588799657323e+00
1.6139489961128279e+00
1.8262420190717215e+00
1.6327921442849664e+00
1.6357548673531164e+00
1.6430254154687134e+00
1.6501382729432845e+00
1.3217647207464656e+00
1.6619272032351062e+00
1.2539237213223786e+00
1.6649845518536870e+00
1.6657543434404334e+00
1.6650607097574801e+00
1.6641939127839622e+00
1.6598425788110980e+00
1.6590573205622681e+00
1.2266746252457406e+00
1.6478206813977225e+00
1.6416201819325948e+00
1.6323419622785282e+00
1.3251693752573519e+00
1.2985793073944207e+00
1.6006799693720470e+00
1.5838710117554189e+00
1.5716223734317036e+00
1.5605763974230784e+00
1.5490482738218989e+00
1.5284398234898982e+00
1.5042945522195654e+00
1.4815353825267341e+00
1.4728367667848534e+00
1.6118978694424935e+00
1.4123967356955154e+00
1.8188697735276447e+00
1.3734393232189963e+00
1.3587806680709071e+00
1.5388204028627839e+00
1.2933782972425960e+00
1.2535929406702722e+00
1.8588820595602451e+00
1.1903921225171032e+00
1.1637230922760011e+00
1.7432528062539758e+00
1.1000000000000001e+00
1.7764146847468600e+00
1.3302252871738223e+00
1.4224556868911022e+00
1.8016944237730885e+00
1.7960825555051243e+00
1.2836140415890469e+00
1.3134329173983696e+00
1.3476169486158525e+00
1.3738171569452757e+00
1.3814655428570408e+00
1.4186813957793165e+00
1.4370937964921344e+00
1.4796700225102668e+00
1.5012430014275338e+00
1.5179110026491875e+00
1.5388098891432367e+00
1.5492513421250829e+00
1.5774927360409710e+00
1.6000572924059862e+00
1.6042014034645513e+00
1.3855637910403944e+00
1.6447484679571245e+00
1.6545401104658175e+00
1.6647637944607547e+00
1.6748714693125768e+00
1.6780681849203851e+00
1.6859129527585641e+00
1.6935875757260355e+00
1.7017008515626997e+00
1.7063075824888569e+00
1.5656645844396062e+00
1.7096063970667692e+00
1.1447509241601168e+00
1.7096885698362496e+00
1.7087533142115059e+00
1.7040583167696661e+00
1.7032110397064870e+00
1.6958523293986365e+00
1.6910869434037408e+00
1.6843967354563743e+00
1.6743857324369953e+00
1.6559053126544914e+00
1.6449090017712464e+00
1.6402231108992087e+00
1.6220866006928651e+00
1.6088705786742177e+00
1.5969522038892594e+00
1.5845136020365218e+00
1.5622775194484195e+00
1.5362252817774698e+00
1.5116686184294936e+00
1.5022829957881700e+00
1.4690061972715769e+00
1.4370694789405154e+00
1.4166667991472295e+00
1.3950352537905772e+00
1.3792188745261313e+00
1.3365897936809283e+00
1.3086510979215129e+00
1.2657235385811791e+00
1.2338912791832144e+00
1.1975311908088053e+00
1.1687558705187149e+00
1.3967904299346632e+00
1.1000000000000001e+00
1.7602314721457690e+00
1.1339050362735452e+00
1.1936548178126607e+00
1.2182273602070839e+00
1.2953132987766152e+00
1.2974601522086879e+00
1.3295276330235761e+00
1.3662894402845813e+00
1.3944653743245621e+00
1.1999597235786779e+00
1.8140805491429646e+00
1.5889005737376047e+00
1.2824077667811224e+00
1.5315002461079639e+00
1.5494251609443175e+00
1.3030206941544960e+00
1.4229386955200798e+00
1.3041252945996125e+00
1.5195821394776021e+00
1.6422226154945845e+00
1.6570779052945743e+00
1.4003010148039898e+00
1.3211914077767921e+00
1.8721681017250316e+00
1.7182218246954868e+00
1.3419007354163168e+00
1.7300959329226455e+00
1.3476567477980228e+00
1.1733731379788883e+00
1.2150221434872004e+00
1.7541298110739487e+00
1.7555760709281985e+00
1.7564692934813055e+00
1.7556644402458639e+00
1.7546586581367305e+00
1.7496096166720261e+00
1.1264963968265369e+00
1.1332669793029440e+00
1.7356600878831334e+00
1.7284653795255260e+00
1.7176994589953714e+00
1.4207988088180796e+00
1.6859999240714558e+00
1.6809606758918596e+00
1.6614565136018409e+00
1.6472438875041255e+00
1.6344267626331133e+00
1.6210501810065185e+00
1.5971373025884361e+00
1.3479534163020459e+00
1.3661329914618394e+00
1.5873959922080476e+00
1.5650276263039853e+00
1.4966641428713272e+00
1.4405462557106525e+00
1.4172835019382939e+00
1.4002744288308144e+00
1.3544307410640049e+00
1.3243852223802339e+00
1.2782205482195217e+00
1.7595771564329907e+00
1.2048858987882010e+00
1.1739406667397063e+00
1.1375901127199692e+00
1.1000000000000001e+00
1.1000000000000001e+00
1.1359927528411133e+00
1.7250156159185266e+00
1.2255072585871596e+00
1.2464881689357130e+00
1.3096188423771540e+00
1.3775994631568464e+00
1.1700185703251256e+00
1.6067147801422248e+00
1.4213288087999350e+00
1.4638154505629100e+00
1.4848355538698426e+00
1.5334417450601865e+00
1.5580700514148025e+00
1.5770987002620620e+00
1.6009574441573626e+00
1.6128776941984175e+00
1.6451188466099267e+00
1.6708791650640828e+00
1.6756101962818533e+00
1.6913802066673409e+00
1.7218998408382751e+00
1.7330782493623733e+00
1.7447498883356340e+00
1.7562890880788955e+00
1.7599385465806454e+00
1.7688943494088245e+00
1.7776559101707354e+00
1.7869182491185076e+00
1.7921774199070111e+00
1.7944081235022695e+00
1.1913576627383067e+00
1.1162007864876582e+00
1.7960372480972668e+00
1.1000000000000001e+00
1.7896095962690417e+00
1.7886423214592324e+00
1.7802414152824990e+00
1.7748011195018196e+00
1.7671633940149631e+00
1.7557345574957326e+00
1.4633267574889843e+00
1.7220831106578780e+00
1.4917969756118796e+00
1.4828644060632616e+00
1.6809406551826869e+00
1.7362500292916845e+00
1.6531340604232925e+00
1.6277487366714580e+00
1.5980067852680815e+00
1.5699722226654613e+00
1.5592573375943817e+00
1.5212676287317120e+00
1.4848077922837695e+00
1.4615155316121571e+00
1.4390747183169452e+00
1.4187639504119001e+00
1.3700974186965684e+00
1.3382018348298195e+00
1.2891945518512276e+00
1.1000000000000001e+00
1.2113442911886030e+00
1.3031303038150412e+00
1.1399047393869071e+00
1.2221213058644718e+00
1.4136796189683691e+00
1.4132950372998496e+00
1.2042680185215509e+00
1.2316251835381804e+00
1.4128144461253789e+00
1.3198368358256576e+00
1.3555382846313617e+00
1.3964660328230623e+00
1.4278349349357047e+00
1.4369921700984660e+00
1.4815498481397635e+00
1.5035945887142308e+00
1.5545701172098825e+00
1.5803989448064124e+00
1.6003551563052456e+00
1.6253769086689029e+00
1.6378782182914473e+00
1.6716909845921331e+00
1.6987070048821116e+00
1.7036686529921403e+00
1.7202073817856414e+00
1.1000000000000001e+00
1.5104540039743353e+00
1.5110132476527141e+00
1.7882802847016162e+00
1.7921076381990573e+00
1.5105093317110736e+00
1.8106886450715702e+00
1.1000000000000001e+00
1.8259180143192566e+00
1.8282574548699504e+00
1.8298676085469512e+00
1.8308620533377953e+00
1.8299659920990874e+00
1.2880008241152128e+00
1.8232250206115928e+00
1.8222105954237093e+00
1.1000000000000001e+00
1.8076946959566815e+00
1.1654369580745885e+00
1.7876987231998513e+00
1.7712455401244322e+00
1.7524069168436323e+00
1.7467966083213748e+00
1.7250821850551745e+00
1.7092589482393090e+00
1.6949893543769088e+00
1.6800969047051071e+00
1.6534741584542125e+00
1.1788868538197548e+00
1.5928812943773170e+00
1.5816441059473592e+00
1.5418025664388024e+00
1.5035654738733577e+00
1.4791378182904653e+00
1.4532388704536281e+00
1.4867357145168227e+00
1.3832634758286542e+00
1.3498131230141774e+00
1.2984169512757515e+00
1.1000000000000001e+00
1.2167718339848104e+00
1.2747508140137320e+00
1.1418499193191862e+00
1.1000000000000001e+00
1.1000000000000001e+00
1.1383149544782492e+00
1.2058361964933422e+00
1.4050213680859442e+00
1.2559393789397157e+00
1.3682798220766281e+00
1.3593815485064240e+00
1.4009248449176006e+00
1.4327655313989289e+00
1.4420604902344749e+00
1.4872883101866794e+00
1.3188625210623675e+00
1.3112753384020295e+00
1.5876240849174375e+00
1.6078804353439746e+00
1.1924310737936230e+00
1.6459678394944877e+00
1.6802891455759221e+00
1.7077114834358029e+00
1.7127477541135208e+00
1.7295352233218022e+00
1.7620239412343826e+00
1.7739235649067033e+00
1.7863482415609495e+00
1.7986319341929136e+00
1.8025168506087841e+00
1.5098796148679390e+00
1.8213773135032330e+00
1.1480084106183295e+00
1.8368357305617165e+00
1.8392103560060136e+00
1.8408447261931511e+00
1.8418541273094080e+00
1.8409445894216199e+00
1.2592982432321207e+00
1.8341022345651397e+00
1.1731901655394334e+00
1.8241296317573497e+00
1.8183383357677070e+00
1.1000000000000001e+00
1.7980416260788199e+00
1.7813409891855325e+00
1.7622190353642018e+00
1.7565243485026960e+00
1.7344833430234734e+00
1.7184221267027806e+00
1.7039379199314686e+00
1.6888214896771978e+00
1.6617983406488148e+00
1.4380865230319264e+00
1.6002941674664002e+00
1.5888879731263790e+00
1.5484472218412348e+00
1.5096350481807743e+00
1.8178916459886447e+00
1.4585515389331896e+00
1.4393301508015750e+00
1.3875237231154640e+00
1.3535702811737929e+00
1.3014011174336255e+00
1.8292884438228272e+00
1.2185280677789989e+00
1.1835578896706198e+00
1.1300057131613335e+00
1.1000000000000001e+00
1.4115576805417982e+00
1.4125617480223704e+00
1.2104137407282731e+00
1.2393833803937895e+00
1.4091904622458600e+00
1.3614886268400177e+00
1.4969722456665657e+00
1.3800073586434429e+00
1.4471580453998907e+00
1.4568550225112373e+00
1.3130262347084534e+00
1.3656608963109287e+00
1.5813632001077964e+00
1.6087144197242800e+00
1.6298468819461005e+00
1.3428844975588892e+00
1.6695816126547220e+00
1.6381434320665136e+00
1.7339957442999769e+00
1.7392498398105043e+00
1.7567633874819162e+00
1.7906572819627078e+00
1.6990145865275639e+00
1.8160336378658903e+00
1.5067184267506146e+00
1.8329015589221491e+00
1.5061479467413317e+00
1.8525777597781947e+00
1.1606045453688933e+00
1.8687047721777028e+00
1.8711821030609028e+00
1.8728871617466427e+00
1.8739402206889886e+00
1.2404868436217309e+00
1.8718055838794947e+00
1.8658530491543155e+00
1.8647788321386729e+00
1.8554491191446552e+00
1.8494073425590680e+00
1.8402612123918698e+00
1.8282327754877090e+00
1.4486803829739077e+00
1.7908608141509492e+00
1.7849198251558036e+00
1.7619255193794578e+00
1.7451696359164193e+00
1.7300589695840083e+00
1.7142887353339797e+00
1.6860968022398133e+00
1.4203609869569442e+00
1.6219324987550681e+00
1.6100329726356213e+00
1.5678431096662413e+00
1.5273522622847751e+00
1.6778027753907581e+00
1.4740593291254851e+00
1.5141176509740897e+00
1.5046761929004038e+00
1.7198234602812441e+00
1.3101119607420864e+00
1.1691649018536141e+00
1.2236545508851207e+00
1.1871718700366736e+00
1.1828838399343142e+00
1.1000000000000001e+00
1.1000000000000001e+00
1.1419549928038322e+00
1.4867636151909811e+00
1.2462976770378675e+00
1.2707540987674641e+00
1.3443424392211365e+00
1.3840235920732109e+00
1.4295136292065664e+00
1.4643792786738408e+00
1.4745572871399248e+00
1.5240818888644281e+00
1.5485839959100107e+00
1.6052418573026848e+00
1.6339498702862931e+00
1.6561306362026331e+00
1.6839416078405796e+00
1.6978364606988769e+00
1.3386139820455538e+00
1.7654459404050533e+00
1.7709606722615598e+00
1.4870666342828947e+00
1.8249182484666857e+00
1.4729167718114689e+00
1.8515534320146319e+00
1.8650041131650195e+00
1.8692581085694471e+00
1.8443776187502130e+00
1.8899103733519294e+00
1.1000000000000001e+00
1.9068373874976849e+00
1.1000000000000001e+00
1.9112272500241541e+00
1.9123325473459292e+00
1.9113366005659680e+00
1.9100920190586526e+00
1.9038442009879428e+00
1.9027166960187056e+00
1.4767206975755554e+00
1.8865826834000234e+00
1.8776797601017341e+00
1.8643577239674829e+00
1.8838908181765275e+00
1.8251318771378948e+00
1.4458145237734812e+00
1.7947612088593994e+00
1.2475994927152838e+00
1.7613138767806782e+00
1.2712394528871558e+00
1.7151709080721051e+00
1.3832798038900684e+00
1.6478236495822456e+00
1.6353338317559876e+00
1.5910510849211197e+00
1.5485516355860018e+00
1.6639788514480831e+00
1.4926150361025392e+00
1.4715675570771014e+00
1.4148393596836548e+00
1.3776602364998642e+00
1.3205348420134062e+00
1.2771207023821669e+00
1.2297885981710628e+00
1.1914961457627302e+00
1.2046303631582715e+00
1.1000000000000001e+00
1.4061851361495690e+00
1.1434311305071043e+00
1.2199684490004363e+00
1.4099664886866454e+00
1.2767618834513379e+00
1.3529393442124023e+00
1.3940166323494503e+00
1.3375462815997565e+00
1.4771995404733473e+00
1.4877356503485117e+00
1.7492594643193327e+00
1.5643669029061653e+00
1.6230182053603008e+00
1.6527362764447238e+00
1.5725769563192902e+00
1.7044869152339837e+00
1.7188706423552671e+00
1.2189198292249930e+00
1.7888588830961440e+00
1.7945676443892635e+00
1.8135967356669989e+00
1.8504236552571234e+00
1.4892190144532895e+00
1.8779959668091792e+00
1.8919198945567863e+00
1.8963235618497396e+00
1.8544793156699910e+00
1.9177024525869899e+00
1.2012200791095986e+00
1.9352250240696569e+00
1.2551622319734141e+00
1.9397693388115700e+00
1.9409135247361302e+00
1.5434867084726285e+00
1.9385941660627881e+00
1.9321265257682854e+00
1.9309593508459750e+00
1.9208222864722027e+00
1.9142576817282710e+00
1.4834921060571953e+00
1.8912507629059276e+00
1.8723200986172388e+00
1.8506448002050613e+00
1.8441897047561149e+00
1.8192055752298919e+00
1.1887363552202266e+00
1.7845814376113363e+00
1.7674465182537400e+00
1.7368149821303998e+00
1.1000000000000001e+00
1.6670981885548419e+00
1.6541689309916605e+00
1.4343605965571959e+00
1.5643334040217329e+00
1.4510812957281560e+00
1.5064287402395484e+00
1.4846407301051303e+00
1.5033994821354353e+00
1.3874293894994438e+00
1.3282941043425229e+00
1.2833524886212644e+00
1.9109190343108535e+00
1.1947153314052101e+00
1.1481515807311373e+00
1.1000000000000001e+00
1.1000000000000001e+00
1.1440237502132113e+00
1.2216054238191585e+00
1.2535114645544607e+00
1.2791738072073802e+00
1.3563907128063089e+00
1.3980285023657057e+00
1.4457616062971557e+00
1.4823464449680963e+00
1.4930263205307945e+00
1.5449929292708431e+00
1.9183697200471135e+00
1.6301548120184806e+00
1.6602783875036984e+00
1.9150818319347229e+00
1.7127351660593437e+00
1.7273151597764951e+00
1.2346436113585215e+00
1.7982583931729748e+00
1.8040450507676704e+00
1.8233337948416561e+00
1.1000000000000001e+00
1.4996683734594811e+00
1.8886117563550568e+00
1.9027256767156420e+00
1.9071894322445329e+00
1.8672782375068979e+00
1.9288600388960977e+00
1.9401890666597383e+00
1.9466217066454528e+00
1.2365026710967466e+00
1.2509459409950678e+00
1.9523878271563508e+00
1.1896171836897027e+00
1.1656687134066843e+00
1.9434809291970434e+00
1.4288169192271558e+00
1.9320224430533379e+00
1.9253682639859055e+00
1.9160263467250958e+00
1.9020474147336670e+00
1.8828584406893678e+00
1.8608873818669771e+00
1.8543442063537268e+00
1.8290191672696752e+00
1.8105648852523515e+00
1.7939225817544120e+00
1.7765538556606035e+00
1.1218028918285170e+00
1.7091261320274227e+00
1.4037649030934496e+00
1.7132329691176240e+00
1.6152643072916750e+00
1.5706692539573466e+00
1.4046563568708919e+00
1.5119744784642264e+00
1.8767540388032184e+00
1.4303637636837969e+00
1.3913513762942347e+00
1.2981123974531230e+00
1.2858543414777761e+00
1.2361883400414699e+00
1.2026619261947529e+00
1.1488086111903562e+00
1.1879580720517797e+00
1.4037363912380152e+00
1.1459044895817481e+00
1.2268005311622769e+00
1.4002985558379242e+00
1.2868282944192486e+00
1.3673439847326356e+00
1.4107605829956058e+00
1.3553642416087019e+00
1.4986806738329448e+00
1.5098168045380278e+00
1.5640034796384708e+00
1.7840936439898254e+00
1.7978355203856009e+00
1.6842140498590195e+00
1.6408039922859388e+00
1.7389118353279422e+00
1.7541147012003298e+00
1.2424228923538603e+00
1.8280887016562679e+00
1.8341225711467670e+00
1.8542353499786706e+00
1.8931595254931950e+00
1.5082328795596507e+00
1.9223020523767407e+00
1.9370189337649073e+00
1.9416733854683412e+00
1.4667845201555467e+00
1.9642697824688040e+00
1.9760827978168538e+00
1.9827902467228933e+00
1.2176581954010217e+00
1.9875933556056387e+00
1.9888027017644947e+00
1.1235350449169275e+00
1.9863512579541767e+00
1.9795152920686252e+00
1.1000000000000001e+00
1.9675672877468926e+00
1.9606288353843224e+00
1.9508878219201016e+00
1.9363116957414661e+00
1.3786155742901638e+00
1.5215731858975863e+00
1.8865705577991612e+00
1.1000000000000001e+00
1.8409209395894206e+00
1.2269782549210162e+00
1.8054569242341276e+00
1.1602254439580753e+00
1.7351486196928332e+00
1.6993938583773596e+00
1.6857282926373265e+00
1.6372769223740309e+00
1.5907767230209815e+00
1.3686797361834127e+00
1.5295744470431754e+00
1.5065456317085433e+00
1.4444772395528198e+00
1.3190745574140144e+00
1.3412952233111133e+00
1.3251938480283947e+00
1.2420064443922161e+00
1.2469052025259255e+00
1.1508937646846569e+00
1.1000000000000001e+00
1.1000000000000001e+00
1.1465327804808574e+00
1.2285360393981244e+00
1.3951542941286919e+00
1.2893853976165450e+00
1.3710030994307751e+00
1.3489725320963224e+00
1.4654674771370539e+00
1.5041373827802031e+00
1.5154259327723112e+00
1.5703542563504695e+00
1.5975298340892514e+00
1.6603697406297511e+00
1.6922101385641257e+00
1.7168110893045596e+00
1.7476565680355129e+00
1.7630675142581020e+00
1.2604114442587468e+00
1.8380539906544255e+00
1.8441704452106085e+00
1.8645585059596193e+00
1.9040154334000217e+00
1.9184672990929132e+00
1.9335568316049740e+00
1.9484751417144641e+00
1.1000000000000001e+00
1.9647716962169421e+00
1.9760989704991694e+00
1.9880736695975851e+00
1.9948729227942792e+00
1.4867395828503316e+00
1.9997417714254881e+00
2.0009676698037984e+00
1.9998630534092914e+00
1.9984826732876395e+00
1.9915531441103131e+00
1.5104953730999662e+00
1.9794416084554525e+00
1.4975522533323828e+00
1.9625338521787197e+00
1.5209832366141494e+00
1.9274756192227489e+00
1.9042523714948099e+00
1.8973362830577454e+00
1.8705679028388866e+00
1.8510618623519890e+00
1.6864338696670602e+00
1.8151124539927304e+00
1.2946474416829976e+00
1.7438418455836096e+00
1.7075977118485968e+00
1.6937451066563471e+00
1.5850921935364832e+00
1.5974939428698094e+00
1.5436742774774239e+00
1.5354539964734453e+00
1.1000000000000001e+00
1.4491920706408761e+00
1.3549693617277134e+00
1.3445978107962646e+00
1.3697006831032261e+00
1.2439500746871925e+00
1.2014794612295290e+00
1.1293762417874096e+00
1.1000000000000001e+00
1.1000000000000001e+00
1.1367947271670680e+00
1.1000000000000001e+00
1.2661424831911308e+00
1.2939163393342668e+00
1.3774866998788358e+00
1.1851588249640277e+00
1.4742110859868953e+00
1.5138061479034637e+00
1.5253647702598383e+00
1.2898097093602281e+00
1.2083983767714475e+00
1.6737762791861659e+00
1.3569918824513265e+00
1.7315679561573145e+00
1.5077714083485347e+00
1.7789310406958743e+00
1.5921451267771554e+00
1.8557115273931237e+00
1.1863958940383819e+00
1.2236291464767548e+00
1.2437064898721679e+00
1.9380486801113150e+00
1.2895135280770824e+00
1.9687744439015722e+00
1.9736054800074454e+00
1.9854608845282167e+00
1.9970591576321022e+00
2.0093203448356465e+00
2.0162822664341604e+00
1.7990273786935005e+00
2.0212675995972185e+00
1.5011932544604147e+00
2.0213917831859338e+00
1.7385242993200674e+00
2.0128830638668216e+00
2.0116026164995615e+00
2.0004817663673049e+00
1.4997629413922144e+00
1.9831695012993378e+00
1.5221475794639894e+00
1.9472725193571780e+00
1.5192918913147417e+00
1.4106796786905993e+00
1.8890033170854443e+00
1.8690306052833241e+00
1.4302100091867957e+00
1.8322211270553619e+00
1.3203840575679870e+00
1.7592454084479243e+00
1.5749152203951498e+00
1.7079501325310944e+00
1.5814064583180176e+00
1.6093962124662577e+00
1.1000000000000001e+00
1.5458719943951487e+00
1.5219694929952505e+00
1.4575462993209976e+00
1.2118594022517422e+00
1.3504496792029521e+00
1.3346610208280734e+00
1.2473940012352676e+00
1.2039073016552611e+00
1.7956452920858363e+00
1.1000000000000001e+00
1.1000000000000001e+00
1.1483936018467289e+00
1.2336761278674764e+00
1.2687492014782378e+00
1.2969588198498010e+00
1.3818403705421725e+00
1.4276111783437906e+00
1.4800823289245493e+00
1.5202986237130154e+00
1.5320385968695671e+00
1.5891634751571047e+00
1.6174257899265059e+00
1.6827786312091715e+00
1.3575600831909431e+00
1.7414770396695198e+00
1.7735560128375121e+00
1.7895832346770524e+00
1.1000000000000001e+00
1.8675683807421075e+00
1.8739294290922550e+00
1.8951327976448913e+00
1.9361675868174753e+00
1.9511973750024281e+00
1.3145713291709824e+00
1.9824052154344873e+00
1.9873120488314622e+00
1.8587797787506182e+00
2.0111337065728829e+00
1.4637375525830729e+00
2.0306584193252788e+00
1.6201756734400998e+00
2.0357219706470757e+00
2.0369968920554125e+00
2.0358481026334880e+00
2.0344125218383144e+00
2.0272058844414631e+00
2.0259053472964181e+00
2.0146100148592678e+00
1.5051879890722928e+00
1.9970261263204272e+00
1.5216300124604154e+00
1.9605659331063323e+00
1.9364139999417933e+00
1.9292213407733230e+00
1.9013825071380492e+00
1.8810964303729305e+00
1.8325414364409527e+00
1.8437094241208727e+00
1.3331171497170766e+00
1.7695887416453440e+00
1.7318952241050938e+00
1.7174886605323572e+00
1.6664100766549614e+00
1.6173884634361153e+00
1.5599409113533627e+00
1.5528675722821221e+00
1.5285900488751492e+00
1.4631560775007018e+00
1.4202712725198152e+00
1.3543791483323342e+00
1.7902385282572908e+00
1.2497065623036359e+00
1.2055375713983534e+00
1.1000000000000001e+00
1.1000000000000001e+00
1.1775773483583054e+00
1.1542134647010849e+00
1.2361100594034999e+00
1.1000000000000001e+00
1.3005449820956558e+00
1.5767450431622445e+00
1.4335762163146337e+00
1.4870027445695317e+00
1.5279512845966143e+00
1.2434796255619180e+00
1.5356133278446087e+00
1.6268469107185632e+00
1.6933896753174125e+00
1.7271062770936303e+00
1.7531568453415880e+00
1.7858199020380487e+00
1.8021389423293384e+00
1.3426792726290238e+00
1.8815440166147659e+00
1.8880208848680522e+00
1.1586369708526223e+00
1.9513922547624758e+00
1.9666957004510286e+00
1.8018604338980593e+00
1.9984717631095283e+00
2.0034679385359100e+00
2.0157285963820573e+00
2.0277233332873874e+00
1.6137125972823214e+00
2.0476035456705546e+00
1.7415129109425984e+00
2.0527592924908520e+00
2.0540574272542678e+00
2.0528877210475223e+00
1.1000000000000001e+00
2.0440881481524977e+00
2.0427639312493571e+00
2.0312629370664093e+00
1.1920449094744352e+00
2.0133588867939562e+00
1.7994301776733936e+00
1.9762348382192299e+00
1.4972163420900926e+00
1.9443195337255665e+00
1.9159738196458038e+00
1.8953183805811595e+00
1.4034588939020258e+00
1.8572506438575804e+00
1.3625607305789649e+00
1.7817803960600544e+00
1.7434005671902615e+00
1.7287316935853241e+00
1.5624985270439640e+00
1.6268089045995544e+00
1.5687749381401037e+00
1.5611132380072141e+00
1.5358402185277253e+00
1.1577837826730961e+00
1.1819671264581004e+00
1.3590108012767304e+00
1.2753544767281777e+00
1.2524323707853249e+00
1.2074591652338393e+00
1.1000000000000001e+00
1.1000000000000001e+00
1.1000000000000001e+00
1.1498646574585250e+00
1.2377395786245706e+00
1.2738787940348506e+00
1.3029459207510816e+00
1.3904076778492387e+00
1.4375698142790969e+00
1.4916359686945295e+00
1.2215742133003051e+00
1.5451715892112068e+00
1.6040329340887740e+00
1.6331543590536832e+00
1.7004937783187062e+00
1.7346140376269559e+00
1.7609764851134204e+00
1.7940305862259889e+00
1.8105449992174343e+00
1.3548580302241833e+00
1.8909007166468421e+00
1.1740217581578392e+00
1.9193030292346620e+00
1.9615851828229465e+00
1.9770718424415159e+00
1.1000000000000001e+00
2.0092283303610055e+00
2.0142843203516070e+00
2.0266917636573365e+00
1.4426275831857662e+00
1.6705784403568007e+00
2.0589483220845253e+00
1.4668926091570675e+00
2.0641657938690137e+00
2.0654794699932792e+00
1.3708611116066747e+00
2.0628165407897501e+00
2.0553908379796981e+00
2.0540507674584934e+00
2.0424120825628629e+00
1.1674476761259283e+00
2.0242936837390841e+00
2.0084600791049332e+00
1.9867251834391761e+00
1.9618390863467288e+00
1.9544277866714612e+00
1.4877129462330418e+00
1.9048399882691402e+00
1.8859896459146963e+00
1.8663165019193722e+00
1.3774795199735872e+00
1.7899427189978150e+00
1.7511034041126692e+00
1.7362589137194102e+00
1.6836276568731077e+00
1.6331158979227398e+00
1.6008466073532803e+00
1.5666337181812433e+00
1.5416182131881624e+00
1.4741951976607846e+00
1.4300067919843407e+00
1.3621116968387121e+00
1.7920924824715221e+00
1.2542573018682781e+00
1.2087456739312579e+00
1.1696767414812730e+00
1.1000000000000001e+00
1.1000000000000001e+00
1.1683945935887614e+00
1.2384467256532863e+00
1.2747714777049055e+00
1.6497169897270774e+00
1.3918986140678475e+00
1.3067174495405089e+00
1.4936466051024961e+00
1.5352981282292750e+00
1.5474570743979836e+00
1.7140684991844082e+00
1.6358915426912144e+00
1.7035766786393012e+00
1.7378721093850549e+00
1.7643699001519031e+00
1.7975936991074737e+00
1.3579110088657631e+00
1.8590893739476324e+00
1.8949611551741758e+00
1.9015492149111635e+00
1.9235092835918077e+00
1.9660085113106816e+00
1.9815746785438622e+00
1.8856262653967508e+00
2.0138962560121461e+00
2.0189782031628809e+00
2.0314493455647975e+00
1.4262277904116809e+00
2.0565480021821658e+00
2.0638715072969784e+00
1.3269522070542250e+00
2.0691157652797880e+00
1.4112560165344610e+00
1.7417019606058095e+00
2.0677595852132669e+00
2.0602957592745499e+00
2.0589488089088088e+00
1.1475481089489976e+00
2.0396746462305675e+00
2.0290389540429690e+00
1.1212278307743417e+00
1.9912775792357791e+00
1.9662637183604674e+00
1.9588143695013951e+00
1.9299820310405500e+00
1.4768317147036387e+00
1.8900248712889862e+00
1.5171504777529530e+00
1.8349011332353662e+00
1.7934848450054246e+00
1.7544461313244308e+00
1.8388410809757056e+00
1.6866239675018706e+00
1.6358528841030497e+00
1.6034179248625167e+00
1.2901424338593381e+00
1.2527112955501762e+00
1.4761162941591752e+00
1.4317010277641944e+00
1.3634573631276756e+00
1.3115935639870042e+00
1.2550492499326118e+00
1.5883960304507414e+00
1.5877972406380441e+00
1.1000000000000001e+00
1.1000000000000001e+00
1.1501174527030253e+00
1.2403606189079581e+00
1.1000000000000001e+00
1.3068077696034555e+00
1.3959338325670672e+00
1.3986909326599259e+00
1.4990883920329929e+00
1.5413157075361028e+00
1.2896178082674641e+00
1.2732067816289756e+00
1.6432997295150829e+00
1.7119205475785919e+00
1.1000000000000001e+00
1.7735541770967551e+00
1.8072372632215641e+00
1.8240659282394738e+00
1.8695830568111020e+00
1.6534214338573192e+00
1.9126298643701314e+00
1.9348935099473881e+00
1.2667229354880802e+00
1.9937616033179442e+00
1.4394837814322301e+00
2.0265299956083553e+00
1.4024853627739859e+00
2.0443257397961014e+00
2.0566950584419721e+00
2.0697713612793751e+00
2.0771961068314293e+00
1.8525268847036207e+00
2.0825128616532340e+00
2.0838515356617346e+00
1.3771805439673912e+00
2.0811379336974496e+00
2.0735709275206240e+00
1.1241726083064165e+00
2.0603451999472346e+00
2.0526647473580626e+00
1.1000000000000001e+00
2.0257471253334791e+00
2.0035986373098535e+00
1.7769867037525764e+00
1.9706866548230444e+00
1.9414557369242518e+00
1.5120615630638932e+00
1.9009462077456498e+00
1.8808987043728136e+00
1.1999197633463545e+00
1.2064896983836593e+00
1.7634932216790604e+00
1.7483662561417970e+00
1.6947334814620802e+00
1.6432605365089981e+00
1.6103771950520342e+00
1.4218570020982670e+00
1.5500217464224166e+00
1.4813157413470135e+00
1.4362864764745917e+00
1.1361730798246690e+00
1.3145186421565007e+00
1.2571926571687719e+00
1.2108149904985377e+00
1.5866555165647023e+00
1.1000000000000001e+00
1.1000000000000001e+00
1.1353309444927431e+00
1.2410345703434933e+00
1.2780383042654044e+00
1.3078007717310358e+00
1.3973547797874040e+00
1.4456451238866541e+00
1.3115403528078042e+00
1.5434347161079676e+00
1.2627226449023001e+00
1.1000000000000001e+00
1.6459084215790063e+00
1.7148587273521119e+00
1.7497952079163785e+00
1.7767882951000589e+00
1.8106331129443751e+00
1.8275425819871971e+00
1.3575948013721257e+00
1.9098205604409375e+00
1.9165317641188793e+00
1.9389023101644711e+00
1.9821959329856575e+00
1.9980530628474678e+00
2.0146098646945436e+00
2.0309787948902693e+00
1.4215005720407665e+00
1.4366935105540259e+00
2.0612886974058275e+00
1.2986501483819943e+00
2.0818881830286022e+00
2.0850525473043366e+00
2.0872304666245918e+00
2.0885755683709917e+00
2.0873635417726684e+00
1.3484555147226793e+00
2.0782455971630269e+00
2.0768734696156992e+00
2.0649563653236016e+00
2.0572390344982954e+00
2.0464045400679969e+00
2.0301921656084172e+00
1.3040315726525644e+00
1.9824559103628423e+00
1.7807512564877337e+00
1.9454960461381297e+00
1.9240932858535109e+00
1.9047920075910514e+00
1.8846482447133617e+00
1.8486378972252420e+00
1.8064474561861372e+00
1.7666790312935914e+00
1.7514794325617862e+00
1.7984513954691748e+00
1.6458690403849319e+00
1.6128278072390274e+00
1.5777964809291107e+00
1.5521825576555328e+00
1.5767271956344369e+00
1.4379011797676839e+00
1.5729145242905904e+00
1.5340752251619638e+00
1.2579474288260839e+00
1.2113470765103149e+00
1.5877314961708009e+00
1.1000000000000001e+00
1.1000000000000001e+00
1.1515235671989310e+00
1.2423219329465627e+00
1.2796634367011395e+00
1.1576532256630025e+00
1.7224235236378083e+00
1.4488001702369298e+00
1.5046650108312591e+00
1.9120580603774213e+00
1.5599816675940523e+00
1.6208012262311748e+00
1.6508914699545199e+00
1.6167563121202444e+00
1.7557265341741024e+00
1.7829660140748098e+00
1.8171197671872261e+00
1.3571996537528210e+00
1.3552160067020027e+00
1.9172125970328817e+00
1.9239850605325504e+00
1.9465598047709625e+00
1.9902486114880946e+00
2.0062504851239060e+00
2.0229584173461266e+00
2.0394767630258350e+00
2.0447009569402228e+00
2.0575211741343629e+00
2.0700633341263095e+00
2.0833223572774839e+00
2.0908508517143578e+00
2.0940441002857737e+00
2.0962418996388359e+00
2.0975992794648688e+00
2.0963761894959632e+00
2.0948477592748795e+00
1.7781819348264154e+00
1.3364395526558537e+00
2.0737644804920015e+00
1.7361837082921252e+00
2.0550433143010887e+00
1.3331003329189615e+00
1.5615582588584400e+00
1.9905109619370180e+00
1.9828531013136361e+00
1.9532137283219386e+00
1.9316156037863723e+00
1.9121381435866331e+00
1.8918105085778010e+00
1.8554714588816563e+00
1.8128959037824424e+00
1.7727644729767724e+00
1.7574261324106684e+00
1.2669367523972908e+00
1.6508517292891725e+00
1.3714506314667800e+00
1.5821578039715971e+00
1.5563100769798246e+00
1.4866440159190657e+00
1.4409855394484803e+00
1.3708316935081317e+00
1.3175161953710517e+00
1.2593891718868555e+00
1.2123634518707060e+00
1.5870489649845185e+00
1.1000000000000001e+00
1.1573412418941382e+00
1.1561382535005444e+00
1.4656381992440264e+00
1.3448816548769613e+00
1.3106690519487620e+00
1.4005623695147622e+00
1.1395237278655825e+00
1.5053303122348756e+00
1.5482180817601319e+00
1.5607379139729016e+00
1.6290524952044740e+00
1.6517971792656563e+00
1.7100307685263720e+00
1.7568046006535303e+00
1.7840888644217001e+00
1.8182987690156538e+00
1.8353906418497838e+00
1.6888831784923661e+00
1.9185561594198104e+00
1.9253397573871291e+00
1.9479516162972477e+00
1.1946321938921547e+00
1.6650548998981396e+00
1.1998650781911651e+00
1.2004204027657357e+00
2.0462541203119686e+00
1.2026819854034110e+00
2.0716581952596336e+00
1.2059134083863374e+00
1.2057509383715956e+00
1.2053260726359400e+00
1.4141633415491888e+00
1.2058991335605938e+00
1.2031163883190608e+00
2.0964833679707500e+00
2.0887980104470407e+00
2.0874110816504148e+00
2.0753654266037795e+00
1.3846893533933355e+00
2.0566134813294008e+00
1.3781987278723866e+00
2.0177313224523261e+00
1.9919750326549075e+00
1.4735911877780705e+00
1.9546164794267877e+00
1.4610488876553327e+00
1.9134733631692420e+00
1.8931123079146719e+00
1.8567135139359188e+00
1.8140679612441057e+00
1.1000000000000001e+00
1.7585069931645263e+00
1.1550099273235575e+00
1.6517573732635003e+00
1.3233963424383834e+00
1.5829505096791845e+00
1.3360506491513233e+00
1.5595522848983048e+00
1.8016785835219422e+00
1.5359686577923464e+00
1.3178738092645592e+00
1.5071351775314348e+00
1.2125481863059644e+00
1.5832926098382392e+00
1.1000000000000001e+00
1.1000000000000001e+00
1.1516359816603201e+00
1.2426324518858718e+00
1.2800554275815472e+00
1.3101550953329180e+00
1.4007237248127480e+00
1.7670472459836075e+00
1.5055479116416772e+00
1.1424877250822343e+00
1.5609852586538824e+00
1.6219375138083039e+00
1.6520934086254124e+00
1.1000000000000001e+00
1.6937634138758986e+00
1.8113580523194690e+00
1.8103602722298555e+00
1.8357854323764331e+00
1.8820392869225797e+00
1.9189955969090562e+00
1.9257828366146046e+00
1.1875884702389092e+00
1.9921909618260740e+00
2.0082277484561475e+00
2.0249721341559472e+00
2.0415265196720562e+00
2.0467621117674515e+00
1.2049353364298308e+00
2.0721798247566650e+00
2.0854677765326826e+00
2.0930126966887603e+00
2.0962129123111346e+00
2.0984155068374344e+00
2.0997758482037940e+00
2.0985500896890645e+00
2.0970183247287650e+00
2.0893288413620388e+00
2.0879411680001185e+00
2.0758890463080988e+00
2.0680842803209583e+00
2.0571270341523524e+00
1.7705059436363393e+00
2.0182240015965727e+00
1.9924538846729507e+00
1.9847793160783591e+00
1.9550752757056573e+00
1.4519093501863982e+00
1.9139100719865492e+00
1.8935380860085378e+00
1.8571197515322226e+00
1.8144513048038959e+00
1.7742323149757422e+00
1.8195240265968193e+00
1.7043596511581605e+00
1.6520535812536172e+00
1.6186380003399801e+00
1.5832097790731792e+00
1.5573056573388477e+00
1.4874875984029998e+00
1.4417295039649614e+00
1.3714225958972315e+00
1.3179907736519307e+00
1.8357285328637154e+00
1.2126086071968714e+00
1.5177090006139953e+00
1.1000000000000001e+00
1.6784940560093236e+00
1.1516126574298648e+00
1.2425680240959622e+00
1.6623104479766952e+00
1.3100601672281882e+00
1.4005878864063628e+00
1.1476846001508749e+00
1.5053647236272811e+00
1.5482561342023726e+00
1.1451586410442465e+00
1.1380457167906390e+00
1.6518440252791196e+00
1.7215440203295713e+00
1.7568603614988576e+00
1.7841469416235363e+00
1.8183597505412368e+00
1.8354530744268309e+00
1.8816860358761840e+00
1.9186256525131165e+00
1.9254098263886377e+00
1.1899881342723799e+00
1.9917879547187325e+00
1.1981092009328711e+00
2.0245543196295648e+00
2.0411012274471698e+00
2.0463344545995028e+00
1.2047881498069406e+00
1.2035098150495063e+00
2.0850226358229111e+00
2.0925641479009238e+00
1.1938460614076671e+00
2.0979645175733062e+00
2.0993242444666858e+00
1.3227883162321075e+00
2.0965679665787640e+00
1.1000000000000001e+00
2.0874949100470848e+00
1.2442926263816210e+00
2.0676469918231279e+00
1.2930937586336169e+00
2.0403060452295301e+00
1.2636136260262985e+00
1.9920507588020477e+00
1.9843796568483683e+00
1.1000000000000001e+00
1.9330535637378532e+00
1.9135424247475812e+00
1.8931796408972434e+00
1.8567777567642509e+00
1.8141285835861241e+00
1.7739277608762718e+00
1.7585628985381430e+00
1.7040866588894330e+00
1.3533575311526467e+00
1.6184037289684716e+00
1.5829915108059185e+00
1.5570990900925734e+00
1.4873125683221713e+00
1.4415751430436130e+00
1.5322195885947314e+00
1.3178923061322230e+00
1.4698571853766309e+00
1.2125577413273547e+00
1.1572223428670858e+00
1.1000000000000001e+00
1.1000000000000001e+00
1.1513618537928865e+00
1.6737393218924619e+00
1.1000000000000001e+00
1.6785003447603049e+00
1.3991272265818844e+00
1.1515193188651318e+00
1.5033949171485772e+00
1.5460779036218484e+00
1.5585379554011929e+00
1.6191666239560476e+00
1.6491624255422161e+00
1.7185237243672353e+00
1.7536684512997995e+00
1.1000000000000001e+00
1.8148689936791338e+00
1.8318792552305636e+00
1.1868685667526719e+00
1.9146476691811569e+00
1.9213988764247203e+00
1.9439027668969850e+00
1.9874544506211971e+00
1.1000000000000001e+00
2.0200615925061394e+00
2.0365280932130077e+00
2.0417358903164278e+00
1.2015197810230511e+00
1.1997806973275291e+00
2.0802360723737001e+00
2.0877409376532006e+00
1.1906954371263176e+00
2.0931150650737345e+00
2.0944681845869262e+00
2.0932489334447073e+00
2.0917253004003409e+00
1.2045258041086178e+00
2.0826963329679247e+00
2.0707081942256091e+00
2.0629448625985232e+00
2.0520457868457500e+00
2.0357367750589939e+00
2.0133492847946366e+00
1.9877159776491697e+00
1.9800821522157359e+00
1.9505358062448774e+00
1.9290054702277057e+00
1.7148255840546334e+00
1.8893253084791812e+00
1.4196879290972373e+00
1.8106583874181195e+00
1.7706529143191423e+00
1.7553627151266054e+00
1.1780323727660758e+00
1.6491228096081074e+00
1.3696812272118652e+00
1.5806444890951212e+00
1.5548778885508678e+00
1.4854304834689613e+00
1.4399153120555810e+00
1.3699816530702691e+00
1.3168334925471672e+00
1.1000000000000001e+00
1.2120107845864942e+00
1.1569442798410345e+00
1.4876477431559725e+00
1.1000000000000001e+00
1.1512799520076284e+00
1.2416490023478821e+00
1.4799164966918941e+00
1.3087060777448538e+00
1.3986502372976750e+00
1.4471509633823154e+00
1.5027516622533839e+00
1.1489910166189372e+00
1.5578067692312514e+00
1.6183387591067797e+00
1.6482867292865886e+00
1.7175374243506047e+00
1.7526261093830888e+00
1.7797367948025955e+00
1.8137290611711676e+00
1.8307121981021666e+00
1.8766471327161227e+00
1.9133486292607667e+00
1.1725983409933618e+00
1.9425570766991247e+00
1.9860393127616072e+00
2.0019655258847848e+00
2.0185944591881437e+00
2.0350347023574571e+00
2.0402341950900551e+00
1.1973934454319841e+00
2.0654766531652182e+00
1.1946600813813684e+00
2.0861658826232086e+00
2.0893440327861890e+00
2.0915314404420351e+00
2.0928824022662877e+00
2.0916650953460518e+00
2.0901438918920761e+00
2.0825074274475126e+00
2.0811293220815745e+00
2.0691602996657235e+00
2.0614093474734290e+00
2.0505276514236046e+00
2.0342446460420405e+00
2.0118928549451520e+00
1.9863004227576995e+00
1.9786787702480439e+00
1.9491795389801054e+00
1.9276835353093502e+00
1.9082981689891811e+00
1.8880666476805570e+00
1.8518994173095245e+00
1.8095251691570959e+00
1.7695834889204269e+00
1.7543176715310831e+00
1.7001925965233107e+00
1.6482471765241820e+00
1.2412450100540879e+00
1.5798780517720050e+00
1.5541525387358681e+00
1.4848158747202924e+00
1.4393732819527318e+00
1.3695511394158646e+00
1.3164877291287564e+00
1.2586355434851020e+00
1.2118321718116756e+00
1.6072009171287853e+00
1.1000000000000001e+00
1.6034672867691055e+00
1.1000000000000001e+00
1.2405701055626626e+00
1.2774519762341374e+00
1.1534122585409372e+00
1.2121426423508888e+00
1.1546705147357024e+00
1.2415658999872656e+00
1.5419743662963703e+00
1.5543197961965791e+00
1.8179884152237145e+00
1.8168870288158647e+00
1.5029054213012698e+00
1.1389333574432496e+00
1.2948510243029874e+00
1.2166651700574094e+00
1.1924173154815569e+00
1.1659552239219115e+00
1.9071536034799501e+00
1.9138427053587530e+00
1.1697028220223449e+00
1.1553604487375710e+00
1.6400129131422601e+00
2.0115978083645505e+00
2.0279128312696222e+00
2.0330727210689061e+00
2.0457351354066393e+00
2.0581229151223193e+00
2.0712187341955337e+00
1.1883995864140764e+00
2.0818085042702341e+00
2.0839792511162702e+00
1.2060434211553452e+00
2.0841118880120848e+00
2.0826022710958814e+00
2.0750239712469245e+00
1.5629218018708966e+00
1.4475449681226511e+00
1.7552719549125966e+00
1.6007234241766832e+00
1.5593036458780252e+00
1.5195518713135441e+00
1.4941565655327000e+00
1.2213975045853793e+00
1.9427116002054314e+00
1.9213793249681350e+00
1.9021416110073650e+00
1.8820641869598451e+00
1.1000000000000001e+00
1.7810510282576755e+00
1.1729636561641610e+00
1.3963067706331100e+00
1.3510688356914384e+00
1.6440713467869212e+00
1.3214203216709488e+00
1.5762229685820603e+00
1.7479801442436647e+00
1.7052803932173681e+00
1.3134019761646405e+00
1.5519239557475764e+00
1.5803333588089481e+00
1.5751687804214969e+00
1.2109803806331159e+00
1.6210967163733372e+00
1.1000000000000001e+00
1.6154472583530670e+00
1.1503394313354367e+00
1.2390510316071199e+00
1.2755343375272594e+00
1.3048782196278674e+00
1.3931727219932217e+00
1.4407839009212635e+00
1.4953648327171059e+00
1.5371981605293550e+00
1.5494101792682338e+00
1.6088319577340797e+00
1.6382306550705734e+00
1.7062112297908412e+00
1.7406563566228774e+00
1.7672698075662181e+00
1.8006386250437008e+00
1.8173102758921873e+00
1.8624027222843569e+00
1.8984310802075868e+00
1.9050478961589556e+00
1.9271038183181686e+00
1.9697885508673130e+00
1.9854226628459761e+00
2.0017466064815217e+00
2.0178853207306382e+00
2.0229894500666559e+00
1.1698834869599657e+00
1.1715139313096730e+00
2.0607232374585407e+00
1.1863291593823875e+00
2.0711985689486552e+00
2.0733458575708772e+00
2.0746720415341278e+00
2.0734770611231430e+00
2.0719837579155413e+00
2.0644873531315540e+00
2.0631345234637086e+00
2.0513850237378621e+00
2.0437762310149239e+00
2.0330941151067083e+00
2.0171097547621848e+00
1.9951679157179818e+00
1.9700448718700576e+00
1.9625630073567037e+00
1.9336048186548178e+00
1.9125030711217992e+00
1.8934732499425349e+00
1.8736127930221498e+00
1.8381089023479800e+00
1.7965118362090995e+00
1.7573027224915854e+00
1.7423168939920606e+00
1.6891845217840324e+00
1.6381918277415815e+00
1.2758656416698835e+00
1.5710766545367756e+00
1.5458229706632249e+00
1.4777580037396776e+00
1.4331488691994090e+00
1.3646073278694786e+00
1.3125171484914901e+00
1.2557260242256083e+00
1.2097810686946264e+00
1.7956445681928832e+00
1.1000000000000001e+00
1.1000000000000001e+00
1.1497081003192169e+00
1.2373071257511723e+00
1.1119440792455118e+00
1.3023087433511675e+00
1.3894959019022166e+00
1.4365099661394751e+00
1.4904063722221190e+00
1.5317150481529518e+00
1.7454865059567728e+00
1.6024504514587947e+00
1.6314804455943861e+00
1.3264947833789640e+00
1.7326215771677971e+00
1.7589012560246551e+00
1.7918515791153471e+00
1.7100529876076809e+00
1.1762288376265173e+00
1.1780426978963763e+00
1.8949514033519370e+00
1.9167307115848291e+00
1.9588801143763181e+00
1.1488954139246970e+00
1.9904373686466879e+00
2.0063736795194238e+00
2.0114137955149021e+00
2.0237822838988677e+00
2.0358825126095903e+00
2.0486743453332199e+00
2.0559375683021557e+00
2.0590183006536114e+00
2.0611386590966072e+00
1.1362462903812585e+00
1.1410997231666942e+00
1.1512527064948599e+00
1.3062768214760443e+00
1.1000000000000001e+00
2.0394532466414867e+00
1.2652313157527006e+00
2.0213917330914324e+00
1.6124057501914484e+00
1.9839411844076551e+00
1.9591332207341043e+00
1.9517451898815832e+00
1.9231501797499759e+00
1.9023130793804357e+00
1.1855807361455273e+00
1.8639105429604670e+00
1.8288519236527876e+00
1.7877765463240616e+00
1.7490591729570373e+00
1.7342612889392937e+00
1.6817952753620720e+00
1.6314421052175985e+00
1.5992741286464005e+00
1.5651686556751205e+00
1.5402316903953288e+00
1.4730203589538844e+00
1.4289706890220719e+00
1.3612887601230557e+00
1.3098518687344101e+00
1.2537729892683578e+00
1.2084042515192628e+00
1.7722902085654004e+00
1.1000000000000001e+00
1.1169428481254180e+00
1.1231216701822540e+00
1.2359780484093843e+00
1.2716550849707520e+00
1.3003504766890210e+00
1.1301391365213205e+00
1.1234182513261426e+00
1.1258961231636135e+00
1.6141653156180951e+00
1.5394783584552487e+00
1.5975869346766045e+00
1.6263359302316287e+00
1.6928141560554275e+00
1.7264980566327905e+00
1.1000000000000001e+00
1.7299144996906635e+00
1.1065025526925985e+00
1.8455538666634412e+00
1.8807860094327058e+00
1.1829487145665201e+00
1.9088250892278582e+00
1.9505665028788446e+00
1.1054768838033171e+00
1.9818182957145631e+00
1.1000000000000001e+00
2.0025916792701333e+00
2.0148404456981304e+00
2.0268235490978257e+00
1.1841683599464756e+00
2.0466844799773964e+00
1.1803055693143691e+00
2.0518352263203878e+00
2.0531321020434259e+00
2.0519635303162320e+00
1.1485051289296804e+00
2.0431724919877978e+00
1.7099145297641076e+00
2.0303597198711190e+00
2.0229190790268285e+00
2.0124730344538833e+00
1.9968419233459715e+00
1.9753849919067747e+00
1.9508171592696437e+00
1.9435006415622182e+00
1.1000000000000001e+00
1.8945470138613216e+00
1.8759377456262816e+00
1.8565161984335723e+00
1.8217969323553869e+00
1.7811191480358679e+00
1.1000000000000001e+00
1.6005018448089281e+00
1.4576977700857472e+00
1.5368622970236259e+00
1.5269022843276669e+00
1.8508194491572678e+00
1.4130910953708629e+00
1.4694096730233541e+00
1.4257863860479929e+00
1.2255907823021432e+00
1.3147026380848548e+00
1.5905684085881044e+00
1.2073549422888821e+00
1.1000000000000001e+00
1.1000000000000001e+00
1.1000000000000001e+00
1.1486549386983878e+00
1.2343980104524812e+00
1.2696604869240684e+00
1.2980224438811137e+00
1.3833623749455870e+00
1.4293803558930818e+00
1.4821348630493465e+00
1.5225683353047570e+00
1.5343717070823291e+00
1.5918050731714222e+00
1.6202200110992693e+00
1.6859257731221982e+00
1.7192182734546591e+00
1.7449411668177641e+00
1.7771933739987715e+00
1.7933071466123098e+00
1.8368906785825425e+00
1.8717134308396646e+00
1.8781088303495859e+00
1.8994267020879874e+00
1.9406830887900299e+00
1.9557940413722474e+00
1.9715717419904961e+00
1.9871704114953062e+00
1.9921037429486903e+00
2.0042101811398298e+00
2.0160540432543730e+00
2.0285748564218720e+00
2.0356841940557162e+00
1.1757798467990817e+00
2.0407750897476395e+00
1.1287890337614359e+00
2.0409019028764956e+00
2.0394585696068006e+00
2.0322130146700994e+00
2.0309054543180611e+00
2.0195491244245338e+00
2.0121949423513112e+00
2.0018702787447635e+00
1.9864207980481416e+00
1.7782506446662505e+00
1.9409308326032750e+00
1.9336993313806818e+00
1.1000000000000001e+00
1.8853145351257452e+00
1.7118801219594268e+00
1.8477256302314291e+00
1.1317151387673881e+00
1.7732046786074638e+00
1.7353076071917841e+00
1.7208232447815226e+00
1.6694688245169118e+00
1.6201824830370364e+00
1.5886960468612055e+00
1.5553131638694846e+00
1.5309045361162523e+00
1.1000000000000001e+00
1.4220008128483517e+00
1.3557528556658645e+00
1.3054057536587764e+00
1.2505150130114173e+00
1.2061074991488916e+00
1.1000000000000001e+00
1.1000000000000001e+00
1.9196270189659466e+00
1.1474445306659031e+00
1.2310545383250153e+00
1.7217701980162963e+00
1.2930961617174113e+00
1.3763130577762821e+00
1.4211862313256449e+00
1.8946201607516122e+00
1.5120559367485251e+00
1.5235656714073960e+00
1.5795702450756868e+00
1.6072782934249936e+00
1.7275817170020284e+00
1.7038137370992257e+00
1.1000000000000001e+00
1.7603465682815846e+00
1.7760594722407408e+00
1.1370769748062890e+00
1.8525152125199393e+00
1.8587515111627164e+00
1.1190979743835978e+00
1.1151286242740583e+00
1.9345041166587331e+00
1.1000000000000001e+00
1.9650999244906218e+00
1.9699105275185298e+00
1.9817157890886863e+00
1.9932650067905016e+00
2.0054743347678716e+00
2.0124068106152690e+00
1.1585547755753156e+00
2.0173710580942279e+00
2.0186209763798320e+00
2.0174947164430375e+00
2.0160872895423547e+00
2.0090219851234803e+00
1.6753988731355740e+00
1.9966731394527468e+00
1.7498435010992921e+00
1.9794340973651359e+00
1.9643689594717975e+00
1.8577179427474406e+00
1.9200106657758818e+00
1.9129590654513453e+00
1.1000000000000001e+00
1.8657779567891555e+00
1.8478424952522530e+00
1.8291241658551798e+00
1.1876057326468803e+00
1.7564571012331733e+00
1.8014718643469347e+00
1.7053787809236010e+00
1.6553019247553546e+00
1.6072416989631142e+00
1.6540377415554803e+00
1.5439861593435944e+00
1.5201847546161187e+00
1.1885368413396904e+00
1.4139902720735651e+00
1.3493903913588430e+00
1.4205772437373130e+00
1.2467705918769485e+00
1.2034678211899321e+00
1.3754461058099863e+00
1.1000000000000001e+00
1.1000000000000001e+00
1.1465994551182093e+00
1.1000000000000001e+00
1.1000000000000001e+00
1.2896567590648687e+00
1.3713914070536817e+00
1.4154653057196858e+00
1.4659911383335302e+00
1.5047164522696836e+00
1.5160211770953000e+00
1.5710282048905087e+00
1.5982427212392731e+00
1.6611726681327563e+00
1.6930586886790504e+00
1.1000000000000001e+00
1.7485845647371074e+00
1.7640175925812982e+00
1.8057598883537764e+00
1.8391115135805089e+00
1.8452367321173782e+00
1.8656540059618174e+00
1.9051674693818224e+00
1.9196400424748341e+00
1.1230227444997567e+00
1.9496908819257992e+00
1.9544157991447957e+00
1.7477950757533289e+00
1.1554921442716886e+00
1.1445680486600687e+00
1.9961551442086598e+00
1.1000000000000001e+00
2.0010309691845758e+00
2.0022586240951403e+00
1.1550104785948059e+00
1.9997700669440952e+00
1.6429715376761060e+00
1.9915782878014017e+00
1.9807017190637140e+00
1.7333934600375112e+00
1.9637697364564990e+00
1.9489729367567858e+00
1.9286612702038202e+00
1.9054047469740869e+00
1.8984787487984753e+00
1.8716720134238503e+00
1.8521380236469640e+00
1.1000000000000001e+00
1.8161371050675852e+00
1.7201611898389215e+00
1.7447643763484291e+00
1.7084683100951370e+00
1.6945958561550145e+00
1.6454109621594195e+00
1.5982067785929872e+00
1.6732841867641590e+00
1.5360779380689875e+00
1.5127004807355244e+00
1.4496924115711944e+00
1.4083975199181760e+00
1.3449482835202962e+00
1.2967281524693666e+00
1.2441563339935859e+00
1.2016248663870590e+00
1.1000000000000001e+00
1.1000000000000001e+00
1.9195165510558994e+00
1.1450531693481674e+00
1.1000000000000001e+00
1.1082362712509257e+00
1.2833634763002886e+00
1.1318804802775564e+00
1.4049973826090221e+00
1.4538466424862948e+00
1.4912869542324445e+00
1.5022165601840796e+00
1.7434129572455817e+00
1.5817097890853491e+00
1.6425515638930421e+00
1.1000000000000001e+00
1.6971982369224174e+00
1.7270629164565070e+00
1.1000000000000001e+00
1.1222905617517855e+00
1.1318969223541615e+00
1.8416600298891184e+00
1.8402477025792781e+00
1.1430153299563632e+00
1.8924423481880606e+00
1.6993267338791833e+00
1.9214960260777378e+00
1.9260641587969620e+00
1.9372743961257908e+00
1.9482414950443747e+00
1.9598354324966234e+00
1.9664184886249314e+00
1.1792215461759523e+00
1.9711325216065343e+00
1.1641027337599765e+00
1.9712499471654352e+00
1.9699134592370766e+00
1.9632042695367624e+00
1.9619935036916234e+00
1.9514778465444960e+00
1.7030762234843642e+00
1.9351077092141780e+00
1.8274012014404817e+00
1.2025571467535479e+00
1.1000000000000001e+00
1.8719832388442099e+00
1.8460660175925701e+00
1.8271802141592264e+00
1.8101487592239933e+00
1.7923738955588928e+00
1.7095375241554871e+00
1.7233694914157969e+00
1.6882778188751262e+00
1.7323178538627153e+00
1.6273128705085076e+00
1.5816750391054226e+00
1.6949543467582631e+00
1.5216077879662722e+00
1.4990060527849842e+00
1.7447755927512656e+00
1.3981641235113733e+00
1.7133156307360904e+00
1.2902002232916898e+00
1.1000000000000001e+00
1.1982527006744326e+00
1.7067995655288741e+00
1.1000000000000001e+00
1.1000000000000001e+00
1.1439805212326710e+00
1.1103972505706461e+00
1.4503414061312681e+00
1.2789978680611784e+00
1.3561389507669332e+00
1.3977358542322129e+00
1.4454220867951177e+00
1.4819710011008844e+00
1.4926403895939750e+00
1.5445559698889890e+00
1.5702410044259276e+00
1.6296342281985847e+00
1.7134453387873414e+00
1.6829798462369090e+00
1.7121334927252523e+00
1.7266991696642640e+00
1.7660955085455861e+00
1.7975727405798985e+00
1.8033537159847000e+00
1.8226235195382126e+00
1.8599162885740637e+00
1.8735754892362593e+00
1.8878373815663507e+00
1.1326580940624840e+00
1.9063968151664801e+00
1.3748372786469651e+00
1.9280461424352415e+00
1.9393640456963497e+00
1.9457903691718301e+00
1.1987918735548910e+00
1.9503921681271201e+00
1.9515508276591580e+00
1.9505067979602975e+00
1.9492021297968627e+00
1.9426526757997782e+00
1.9414707364660897e+00
1.9312054412798469e+00
1.9245577962622402e+00
1.9152250522671685e+00
1.9012598468432425e+00
1.8820897153505554e+00
1.8601402309390154e+00
1.8536034804760064e+00
1.8283033092329826e+00
1.3513453092299028e+00
1.7932411866974731e+00
1.7758895157686307e+00
1.7448704999352409e+00
1.7085280025727410e+00
1.7272608313481586e+00
1.6611790011309635e+00
1.6147583451552103e+00
1.5702070817906923e+00
1.6782568491394696e+00
1.5115699414444039e+00
1.4895063195412697e+00
1.4300393640440032e+00
1.3910652847433049e+00
1.3311819560323797e+00
1.2856718424023412e+00
1.6946033425079619e+00
1.1959134518325494e+00
1.1000000000000001e+00
1.1000000000000001e+00
1.1000000000000001e+00
1.1436622783562711e+00
1.2206069414511402e+00
1.2522510068722918e+00
1.1000000000000001e+00
1.1000000000000001e+00
1.3955814387773122e+00
1.1000000000000001e+00
1.4792070604588754e+00
1.4897992452993423e+00
1.5413391646621983e+00
1.5668383423915690e+00
1.6258017970336587e+00
1.6617267044939958e+00
1.6787614063924123e+00
1.2597145032784338e+00
1.7221643769696460e+00
1.7612756440997965e+00
1.7925251070085293e+00
1.7982642512983360e+00
1.8173946186301155e+00
1.8544175373378158e+00
1.8679779000784444e+00
1.8821365934124619e+00
1.8961346266671839e+00
1.9005617310250102e+00
1.9114258835313220e+00
1.4188560093447244e+00
1.9332904108061233e+00
1.9396702334305405e+00
1.2368392383406959e+00
1.9442387337869258e+00
1.9453890092632065e+00
1.4408214263576753e+00
1.9430573065692847e+00
1.9365552443952267e+00
1.8546737296546580e+00
1.9251908420186705e+00
1.9185912993339238e+00
1.9093260870372140e+00
1.8954619337840914e+00
1.3162296642181575e+00
1.8546398592567068e+00
1.2511080169210693e+00
1.8230333093892854e+00
1.8047305524818622e+00
1.7882248962327383e+00
1.7709987819255997e+00
1.7402042195671854e+00
1.7041246963707946e+00
1.6701163813815141e+00
1.6571183121147883e+00
1.6110335558207134e+00
1.5668046652203873e+00
1.5385491668571420e+00
1.5085918229880058e+00
1.4866878533650507e+00
1.4276512005208173e+00
1.3889591375026471e+00
1.3295091243196702e+00
1.2843283216905241e+00
1.2350701197188034e+00
1.1952194224772545e+00
1.8140068582985160e+00
1.1000000000000001e+00
1.1000000000000001e+00
1.1000000000000001e+00
1.2170751598284104e+00
1.2477925793419702e+00
1.2724989022452142e+00
1.3468391847797634e+00
1.3869258085048486e+00
1.4328806729868078e+00
1.4681025874391316e+00
1.4783845970665135e+00
1.2311148070240028e+00
1.5531677272627367e+00
1.6104045313239226e+00
1.3285452097005863e+00
1.6618133031203461e+00
1.6899084534713293e+00
1.7039452870361806e+00
1.8149404617030602e+00
1.7722456154901862e+00
1.7239075090868505e+00
1.8598136163802650e+00
1.8323256248643189e+00
1.8454888940434273e+00
1.8396357296750963e+00
1.8728210958716032e+00
1.4525939821233191e+00
1.8876645727047461e+00
1.8979818537818796e+00
