1.1000000000000001e+00
1.1000000000000001e+00
1.1000000000000001e+00
1.1000000000000001e+00
1.1000000000000001e+00
1.5753604456079784e+00
1.1000000000000001e+00
1.1000000000000001e+00
1.1000000000000001e+00
1.3834541485980651e+00
1.3006551639545263e+00
1.2873509926773345e+00
1.1000000000000001e+00
1.3895708686543471e+00
1.4087348654989809e+00
1.2995671667057973e+00
1.2685639370978121e+00
1.5437265211568372e+00
1.1000000000000001e+00
1.4633007615063691e+00
1.5700145731194832e+00
1.7911270308315144e+00
1.7879494538783505e+00
1.7477678445336435e+00
1.5710342496223704e+00
1.4648655302528519e+00
1.1000000000000001e+00
1.1000000000000001e+00
1.6441690228774251e+00
1.7310583304302283e+00
1.9127236346275771e+00
1.9977894471141626e+00
1.9963337606448912e+00
1.7433862866982808e+00
1.6055769357840366e+00
1.3671969351476039e+00
1.1000000000000001e+00
1.1000000000000001e+00
1.7441011130652586e+00
1.9523207277160370e+00
2.0424567255019124e+00
2.0307525187462634e+00
1.5096306329574436e+00
1.6297827364318327e+00
1.1000000000000001e+00
1.4422570668302792e+00
1.6030990471713245e+00
1.7157239881301574e+00
1.9045831200740195e+00
1.9946878021183008e+00
1.1000000000000001e+00
1.7108276963889681e+00
1.7682853160003336e+00
1.5741378993589952e+00
1.1000000000000001e+00
1.4973184592473345e+00
1.5882877336954135e+00
1.7251535522905836e+00
