1.1000000000000001e+00
1.1000000000000001e+00
1.1000000000000001e+00
1.1000000000000001e+00
1.1000000000000001e+00
1.6086831854114816e+00
1.1000000000000001e+00
1.1000000000000001e+00
1.1000000000000001e+00
1.3898755573750576e+00
1.2581601729975271e+00
1.2917899095056646e+00
1.1000000000000001e+00
1.3775446861893150e+00
1.4435801952266900e+00
1.2874621772447974e+00
1.2506356280952189e+00
1.5577733233131799e+00
1.1000000000000001e+00
1.5066376524616705e+00
1.5931013736842528e+00
1.8309074230248765e+00
1.8135811595691580e+00
1.7932659848633370e+00
1.5819745593055832e+00
1.4872916741605156e+00
1.1000000000000001e+00
1.1000000000000001e+00
1.6398850401644656e+00
1.7546812704752408e+00
1.9525898881615142e+00
2.0474080687373495e+00
2.0204359995115806e+00
1.7399084116625740e+00
1.6141997544834390e+00
1.3760845908743800e+00
1.1000000000000001e+00
1.1000000000000001e+00
1.7801530496601896e+00
1.9857617266514191e+00
2.0842690119370819e+00
2.0562475365002859e+00
1.4966953943831218e+00
1.6342057989417591e+00
1.1000000000000001e+00
1.4515120517586664e+00
1.6226500874052017e+00
1.7337816345720523e+00
1.9253723411796355e+00
2.0171636053911164e+00
1.1000000000000001e+00
1.7194803752756047e+00
1.8100989812752419e+00
1.5936772480348154e+00
1.1000000000000001e+00
1.5165111069427555e+00
1.6050742294642295e+00
1.7577569883732544e+00
